body,0,0,1282,1059,1,1,4,1,2
div,151,0,980,1059,2,1,4,2,2
div,151,0,980,113,3,1,3,3,2
div,151,0,980,25,4,1,2,4,2
div,1008,10,103,15,5,1,1,5,2
div,970,25,161,54,4,1,2,6,2
div,970,59,161,20,6,1,1,7,2
div,499,113,632,231,3,1,3,8,2
div,151,344,980,34,3,1,2,9,2
div,151,378,1010,609,3,1,4,10,2
div,183,400,705,404,8,1,3,11,2
div,183,444,705,360,9,1,3,12,2
div,264,444,78,44,14,1,1,13,2
div,342,444,78,44,14,1,1,14,2
div,420,444,78,44,14,1,1,15,2
div,498,444,78,44,14,1,1,16,2
div,576,444,78,44,14,1,1,17,2
div,654,444,78,44,14,1,1,18,2
div,732,444,78,44,14,1,1,19,2
div,810,444,78,44,14,1,1,20,2
div,183,488,81,64,14,1,2,21,2
div,183,552,81,64,14,1,2,22,2
div,183,616,81,64,14,1,2,23,2
div,732,618,78,60,14,1,2,24,2
div,183,680,81,64,14,1,2,25,2
div,420,682,78,60,14,1,2,26,2
div,576,682,78,60,14,1,2,27,2
div,732,680,78,64,14,1,2,28,2
div,810,680,78,64,14,1,2,29,2
div,931,455,184,14,11,1,1,30,2
div,931,529,184,14,11,1,1,31,2
div,931,618,184,196,11,1,2,32,2
div,151,987,980,72,3,1,3,33,2
a,181,45,200,50,4,0,2,34,2
a,151,113,348,231,3,0,3,35,2
a,151,344,60,34,6,0,1,36,2
a,211,344,146,34,6,0,2,37,2
a,357,344,164,34,6,0,2,38,2
a,521,344,103,34,6,0,1,39,2
a,624,344,83,34,6,0,1,40,2
a,707,344,82,34,6,0,1,41,2
a,789,344,97,34,6,0,1,42,2
a,886,344,80,34,6,0,1,43,2
a,966,344,90,34,6,0,1,44,2
a,183,400,193,24,10,0,2,45,2
a,264,490,74,60,14,0,2,46,2
a,342,490,74,60,14,0,2,47,2
a,420,490,74,60,14,0,2,48,2
a,498,490,74,60,14,0,2,49,2
a,576,490,74,60,14,0,2,50,2
a,654,490,74,60,14,0,2,51,2
a,732,490,74,60,14,0,2,52,2
a,810,490,74,60,14,0,2,53,2
a,264,554,74,60,14,0,2,54,2
a,342,554,74,60,14,0,2,55,2
a,420,554,74,60,14,0,2,56,2
a,498,554,74,60,14,0,2,57,2
a,576,554,74,60,14,0,2,58,2
a,654,554,74,60,14,0,2,59,2
a,732,554,74,60,14,0,2,60,2
a,810,554,74,60,14,0,2,61,2
a,264,618,74,60,14,0,2,62,2
a,342,618,74,60,14,0,2,63,2
a,420,618,74,60,14,0,2,64,2
a,498,618,74,60,14,0,2,65,2
a,576,618,74,60,14,0,2,66,2
a,654,618,74,60,14,0,2,67,2
a,810,618,74,60,14,0,2,68,2
a,264,682,74,60,14,0,2,69,2
a,342,682,74,60,14,0,2,70,2
a,498,682,74,60,14,0,2,71,2
a,654,682,74,60,14,0,2,72,2
a,304,790,27,14,12,0,1,73,2
a,437,790,24,14,12,0,1,74,2
a,183,872,87,11,8,0,1,75,2
a,273,872,87,11,8,0,1,76,2
a,363,872,87,11,8,0,1,77,2
a,453,872,87,11,8,0,1,78,2
a,771,857,117,26,8,0,1,79,2
a,931,435,32,32,11,0,1,80,2
a,968,435,32,32,11,0,1,81,2
a,1005,435,32,32,11,0,1,82,2
a,931,618,108,14,14,0,1,83,2
a,931,632,61,14,14,0,1,84,2
a,931,646,111,14,14,0,1,85,2
a,931,660,130,14,14,0,1,86,2
a,931,674,134,14,14,0,1,87,2
a,931,688,89,14,14,0,1,88,2
a,931,702,180,14,14,0,1,89,2
a,931,716,99,14,14,0,1,90,2
a,931,730,137,28,14,0,1,91,2
a,931,758,163,14,14,0,1,92,2
a,931,772,155,14,14,0,1,93,2
a,931,786,157,14,14,0,1,94,2
a,931,800,52,14,14,0,1,95,2
a,1035,1023,66,14,4,0,1,96,2
img,1092,10,19,15,7,0,1,97,2
img,499,113,62,231,4,0,2,98,2
img,183,857,87,26,9,0,1,99,2
img,273,857,87,26,9,0,1,100,2
img,363,857,87,26,9,0,1,101,2
img,453,857,87,26,9,0,1,102,2
img,771,857,117,26,9,0,1,103,2
img,931,509,174,50,13,0,2,104,2
img,931,869,174,86,12,0,2,105,2
form,970,59,161,20,5,0,1,106,2
input,970,59,110,20,7,0,1,107,2
input,1083,59,18,18,7,0,1,108,2
ul,931,400,184,489,9,1,3,109,2
ul,931,618,184,196,12,1,2,110,2
li,151,344,60,34,5,1,1,111,2
li,211,344,146,34,5,1,2,112,2
li,357,344,164,34,5,1,2,113,2
li,521,344,103,34,5,1,1,114,2
li,624,344,83,34,5,1,1,115,2
li,707,344,82,34,5,1,1,116,2
li,789,344,97,34,5,1,1,117,2
li,886,344,80,34,5,1,1,118,2
li,966,344,90,34,5,1,1,119,2
li,931,400,184,55,10,1,2,120,2
li,931,455,184,34,10,1,2,121,2
li,931,489,184,20,10,1,1,122,2
li,931,509,184,20,10,1,1,123,2
li,931,529,184,34,10,1,2,124,2
li,931,563,184,20,10,1,1,125,2
li,931,583,184,251,10,1,3,126,2
li,931,618,184,14,13,1,1,127,2
li,931,632,184,14,13,1,1,128,2
li,931,646,184,14,13,1,1,129,2
li,931,660,184,14,13,1,1,130,2
li,931,674,184,14,13,1,1,131,2
li,931,688,184,14,13,1,1,132,2
li,931,702,184,14,13,1,1,133,2
li,931,716,184,14,13,1,1,134,2
li,931,730,184,28,13,1,2,135,2
li,931,758,184,14,13,1,1,136,2
li,931,772,184,14,13,1,1,137,2
li,931,786,184,14,13,1,1,138,2
li,931,800,184,14,13,1,1,139,2
li,931,834,184,55,10,1,2,140,2
table,161,398,976,569,4,1,4,141,2
table,183,444,705,300,10,1,3,142,2
tbody,163,400,972,565,5,1,4,143,2
tbody,183,444,705,300,11,1,3,144,2
tr,163,400,972,565,6,1,4,145,2
tr,183,444,705,44,12,1,2,146,2
tr,183,488,705,64,12,1,3,147,2
tr,183,552,705,64,12,1,3,148,2
tr,183,616,705,64,12,1,3,149,2
tr,183,680,705,64,12,1,3,150,2
td,163,400,745,565,7,1,4,151,2
td,183,444,81,44,13,1,1,152,2
td,264,444,78,44,13,1,1,153,2
td,342,444,78,44,13,1,1,154,2
td,420,444,78,44,13,1,1,155,2
td,498,444,78,44,13,1,1,156,2
td,576,444,78,44,13,1,1,157,2
td,654,444,78,44,13,1,1,158,2
td,732,444,78,44,13,1,1,159,2
td,810,444,78,44,13,1,1,160,2
td,183,488,81,64,13,1,2,161,2
td,264,488,78,64,13,1,2,162,2
td,342,488,78,64,13,1,2,163,2
td,420,488,78,64,13,1,2,164,2
td,498,488,78,64,13,1,2,165,2
td,576,488,78,64,13,1,2,166,2
td,654,488,78,64,13,1,2,167,2
td,732,488,78,64,13,1,2,168,2
td,810,488,78,64,13,1,2,169,2
td,183,552,81,64,13,1,2,170,2
td,264,552,78,64,13,1,2,171,2
td,342,552,78,64,13,1,2,172,2
td,420,552,78,64,13,1,2,173,2
td,498,552,78,64,13,1,2,174,2
td,576,552,78,64,13,1,2,175,2
td,654,552,78,64,13,1,2,176,2
td,732,552,78,64,13,1,2,177,2
td,810,552,78,64,13,1,2,178,2
td,183,616,81,64,13,1,2,179,2
td,264,616,78,64,13,1,2,180,2
td,342,616,78,64,13,1,2,181,2
td,420,616,78,64,13,1,2,182,2
td,498,616,78,64,13,1,2,183,2
td,576,616,78,64,13,1,2,184,2
td,654,616,78,64,13,1,2,185,2
td,732,616,78,64,13,1,2,186,2
td,810,616,78,64,13,1,2,187,2
td,183,680,81,64,13,1,2,188,2
td,264,680,78,64,13,1,2,189,2
td,342,680,78,64,13,1,2,190,2
td,420,680,78,64,13,1,2,191,2
td,498,680,78,64,13,1,2,192,2
td,576,680,78,64,13,1,2,193,2
td,654,680,78,64,13,1,2,194,2
td,732,680,78,64,13,1,2,195,2
td,810,680,78,64,13,1,2,196,2
td,910,400,225,565,7,1,3,197,2
h2,183,400,705,24,9,1,2,198,2
h2,931,400,184,25,11,1,2,199,2
h2,931,583,184,25,11,1,2,200,2
h2,931,834,184,25,11,1,2,201,2
span,623,1008,478,13,4,1,2,202,2
strong,183,790,278,14,11,1,1,203,2
p,183,764,705,14,10,1,2,204,2
p,183,790,705,14,10,1,2,205,2
hr,183,836,705,1,8,0,1,206,2
center,931,400,184,489,8,1,3,207,2
