body,0,0,1282,1218,1,1,4,1,32
div,151,0,980,1218,2,1,4,2,32
div,151,0,980,113,3,1,3,3,32
div,151,0,980,25,4,1,3,4,32
div,1008,10,103,15,5,1,1,5,32
div,970,25,161,54,4,1,1,6,32
div,970,59,161,20,6,1,1,7,32
div,499,113,632,231,3,1,2,8,32
div,151,344,980,34,3,1,3,9,32
div,151,378,1010,768,3,1,4,10,32
div,183,400,599,712,8,1,2,11,32
div,183,441,599,671,9,1,2,12,32
div,151,1146,980,72,3,1,3,13,32
a,181,45,200,50,4,0,1,14,32
a,151,113,348,231,3,0,3,15,32
a,151,344,60,34,6,0,1,16,32
a,211,344,146,34,6,0,1,17,32
a,357,344,164,34,6,0,1,18,32
a,521,344,103,34,6,0,1,19,32
a,624,344,83,34,6,0,1,20,32
a,707,344,82,34,6,0,1,21,32
a,789,344,97,34,6,0,1,22,32
a,886,344,80,34,6,0,1,23,32
a,966,344,90,34,6,0,1,24,32
a,183,400,121,24,10,0,1,25,32
a,223,541,32,14,12,0,1,26,32
a,223,555,81,14,12,0,1,27,32
a,223,569,31,14,12,0,1,28,32
a,223,583,55,14,12,0,1,29,32
a,223,597,153,14,12,0,1,30,32
a,290,848,107,14,11,0,1,31,32
a,290,1098,121,14,11,0,1,32,32
a,889,615,65,14,13,0,1,33,32
a,830,822,65,14,13,0,1,34,32
a,830,987,65,14,13,0,1,35,32
a,1035,1182,66,14,4,0,1,36,32
img,1092,10,19,15,7,0,1,37,32
img,499,113,62,231,4,0,1,38,32
img,522,656,260,100,11,0,3,39,32
img,183,908,270,100,11,0,3,40,32
img,827,447,100,100,13,0,1,41,32
img,827,654,100,100,13,0,1,42,32
img,827,861,100,100,13,0,1,43,32
form,970,59,161,20,5,0,1,44,32
input,970,59,110,20,7,0,1,45,32
input,1083,59,18,18,7,0,1,46,32
ul,183,541,599,70,10,1,3,47,32
ul,183,1030,599,56,10,1,3,48,32
ul,825,400,274,634,9,1,2,49,32
ul,825,435,274,579,11,1,2,50,32
li,151,344,60,34,5,1,1,51,32
li,211,344,146,34,5,1,1,52,32
li,357,344,164,34,5,1,1,53,32
li,521,344,103,34,5,1,1,54,32
li,624,344,83,34,5,1,1,55,32
li,707,344,82,34,5,1,1,56,32
li,789,344,97,34,5,1,1,57,32
li,886,344,80,34,5,1,1,58,32
li,966,344,90,34,5,1,1,59,32
li,223,541,559,14,11,1,1,60,32
li,223,555,559,14,11,1,1,61,32
li,223,569,559,14,11,1,1,62,32
li,223,583,559,14,11,1,1,63,32
li,223,597,559,14,11,1,1,64,32
li,223,1030,559,28,11,1,1,65,32
li,223,1058,559,14,11,1,1,66,32
li,223,1072,559,14,11,1,1,67,32
li,825,400,274,634,10,1,2,68,32
li,825,435,274,207,12,1,3,69,32
li,825,642,274,207,12,1,3,70,32
li,825,849,274,165,12,1,3,71,32
table,161,398,960,728,4,1,4,72,32
tbody,163,400,956,724,5,1,4,73,32
tr,163,400,956,724,6,1,4,74,32
td,163,400,639,724,7,1,2,75,32
td,804,400,315,724,7,1,2,76,32
h2,183,400,599,24,9,1,1,77,32
h2,183,441,599,19,10,1,1,78,32
h2,183,624,599,19,10,1,1,79,32
h2,183,876,599,19,10,1,1,80,32
h2,825,400,274,25,11,1,1,81,32
p,183,473,599,56,10,1,3,82,32
p,183,656,599,126,10,1,3,83,32
p,183,794,599,42,10,1,3,84,32
p,183,848,599,14,10,1,1,85,32
p,183,908,599,56,10,1,3,86,32
p,183,976,599,42,10,1,3,87,32
p,183,1098,599,14,10,1,1,88,32
center,825,400,274,634,8,1,2,89,32
strong,937,447,101,14,13,1,1,90,32
strong,937,654,88,14,13,1,1,91,32
strong,937,861,98,14,13,1,1,92,32
span,623,1167,478,13,4,1,1,93,32
