body,0,0,1282,2563,1,1,4,1,29
div,151,0,980,2563,2,1,4,2,29
div,151,0,980,113,3,1,3,3,29
div,151,0,980,25,4,1,2,4,29
div,1008,10,103,15,5,1,1,5,29
div,970,25,161,54,4,1,2,6,29
div,970,59,161,20,6,1,1,7,29
div,499,113,632,231,3,1,3,8,29
div,151,344,980,34,3,1,2,9,29
div,151,378,1010,2113,3,1,4,10,29
div,183,400,600,1987,8,1,4,11,29
div,183,441,600,1946,9,1,4,12,29
div,151,2491,980,72,3,1,3,13,29
a,181,45,200,50,4,0,2,14,29
a,151,113,348,231,3,0,3,15,29
a,151,344,60,34,6,0,1,16,29
a,211,344,146,34,6,0,2,17,29
a,357,344,164,34,6,0,2,18,29
a,521,344,103,34,6,0,1,19,29
a,624,344,83,34,6,0,1,20,29
a,707,344,82,34,6,0,1,21,29
a,789,344,97,34,6,0,1,22,29
a,886,344,80,34,6,0,1,23,29
a,966,344,90,34,6,0,1,24,29
a,183,400,202,24,10,0,2,25,29
a,183,1304,600,11,11,0,2,26,29
a,183,1565,600,11,11,0,2,27,29
a,183,2455,87,11,8,0,1,28,29
a,273,2455,87,11,8,0,1,29,29
a,363,2455,87,11,8,0,1,30,29
a,453,2455,87,11,8,0,1,31,29
a,666,2440,117,26,8,0,1,32,29
a,946,601,65,14,13,0,1,33,29
a,831,766,65,14,13,0,1,34,29
a,995,931,65,14,13,0,1,35,29
a,1035,2526,66,14,4,0,1,36,29
img,1092,10,19,15,7,0,1,37,29
img,499,113,62,231,4,0,2,38,29
img,183,722,600,320,11,0,3,39,29
img,183,1165,600,150,12,0,3,40,29
img,183,1426,600,150,12,0,3,41,29
img,183,1687,450,150,11,0,3,42,29
img,183,1948,450,150,11,0,3,43,29
img,183,2211,450,150,11,0,3,44,29
img,183,2440,87,26,9,0,1,45,29
img,273,2440,87,26,9,0,1,46,29
img,363,2440,87,26,9,0,1,47,29
img,453,2440,87,26,9,0,1,48,29
img,666,2440,117,26,9,0,1,49,29
img,828,447,100,100,13,0,2,50,29
img,828,640,100,100,13,0,2,51,29
img,828,805,100,100,13,0,2,52,29
form,970,59,161,20,5,0,1,53,29
input,970,59,110,20,7,0,1,54,29
input,1083,59,18,18,7,0,1,55,29
ul,183,481,600,112,10,1,3,56,29
ul,826,400,274,578,9,1,3,57,29
ul,826,435,274,523,11,1,3,58,29
li,151,344,60,34,5,1,1,59,29
li,211,344,146,34,5,1,2,60,29
li,357,344,164,34,5,1,2,61,29
li,521,344,103,34,5,1,1,62,29
li,624,344,83,34,5,1,1,63,29
li,707,344,82,34,5,1,1,64,29
li,789,344,97,34,5,1,1,65,29
li,886,344,80,34,5,1,1,66,29
li,966,344,90,34,5,1,1,67,29
li,223,481,560,14,11,1,2,68,29
li,223,495,560,14,11,1,2,69,29
li,223,509,560,14,11,1,2,70,29
li,223,523,560,14,11,1,2,71,29
li,223,537,560,14,11,1,2,72,29
li,223,551,560,14,11,1,2,73,29
li,223,565,560,14,11,1,2,74,29
li,223,579,560,14,11,1,2,75,29
li,826,400,274,578,10,1,3,76,29
li,826,435,274,193,12,1,3,77,29
li,826,628,274,165,12,1,2,78,29
li,826,793,274,165,12,1,2,79,29
table,161,398,961,2073,4,1,4,80,29
tbody,163,400,957,2069,5,1,4,81,29
tr,163,400,957,2069,6,1,4,82,29
td,163,400,640,2069,7,1,4,83,29
td,805,400,315,2069,7,1,3,84,29
h2,183,400,600,24,9,1,2,85,29
h2,826,400,274,25,11,1,2,86,29
p,183,441,600,28,10,1,2,87,29
p,183,605,600,28,10,1,2,88,29
p,183,722,600,320,10,1,3,89,29
p,183,1054,600,28,10,1,2,90,29
p,183,1094,600,14,10,1,2,91,29
p,183,1165,600,150,10,1,3,92,29
p,183,1327,600,14,10,1,2,93,29
p,183,1353,600,14,10,1,2,94,29
p,183,1426,600,150,10,1,3,95,29
p,183,1588,600,14,10,1,2,96,29
p,183,1614,600,14,10,1,2,97,29
p,183,1687,600,150,10,1,3,98,29
p,183,1849,600,14,10,1,2,99,29
p,183,1875,600,14,10,1,2,100,29
p,183,1948,600,150,10,1,3,101,29
p,183,2112,600,14,10,1,2,102,29
p,183,2138,600,14,10,1,2,103,29
p,183,2211,600,150,10,1,3,104,29
p,183,2373,600,14,10,1,2,105,29
h3,183,647,600,16,10,1,2,106,29
h3,183,677,600,1,10,1,1,107,29
h3,183,692,600,16,10,1,2,108,29
h3,183,1135,600,16,10,1,2,109,29
h3,183,1381,600,1,10,1,1,110,29
h3,183,1396,600,16,10,1,2,111,29
h3,183,1642,600,1,10,1,1,112,29
h3,183,1657,600,16,10,1,2,113,29
h3,183,1903,600,1,10,1,1,114,29
h3,183,1918,600,16,10,1,2,115,29
h3,183,2166,600,1,10,1,1,116,29
h3,183,2181,600,16,10,1,2,117,29
span,183,647,5,16,11,1,1,118,29
span,183,1094,4,14,11,1,1,119,29
span,183,1353,4,14,11,1,1,120,29
span,183,1614,4,14,11,1,1,121,29
span,183,1875,4,14,11,1,1,122,29
span,183,2138,4,14,11,1,1,123,29
span,623,2512,478,13,4,1,2,124,29
hr,183,677,600,1,11,0,1,125,29
hr,183,1120,600,1,10,0,1,126,29
hr,183,1381,600,1,11,0,1,127,29
hr,183,1642,600,1,11,0,1,128,29
hr,183,1903,600,1,11,0,1,129,29
hr,183,2166,600,1,11,0,1,130,29
hr,183,2419,600,1,8,0,1,131,29
center,826,400,274,578,8,1,3,132,29
strong,938,447,114,14,13,1,1,133,29
strong,938,640,81,14,13,1,1,134,29
strong,938,805,126,14,13,1,1,135,29
