body,0,0,1282,1679,1,1,4,1,14
div,151,0,980,1679,2,1,4,2,14
div,151,0,980,113,3,1,3,3,14
div,151,0,980,25,4,1,1,4,14
div,1008,10,103,15,5,1,2,5,14
div,970,25,161,54,4,1,1,6,14
div,970,59,161,20,6,1,2,7,14
div,499,113,632,231,3,1,3,8,14
div,151,344,980,34,3,1,1,9,14
div,151,378,1010,1229,3,1,4,10,14
div,183,400,699,1173,8,1,4,11,14
div,183,441,699,1132,9,1,4,12,14
div,223,471,659,14,12,1,1,13,14
div,223,529,659,14,12,1,1,14,14
div,223,543,659,14,12,1,1,15,14
div,223,557,659,28,12,1,1,16,14
div,223,629,659,14,12,1,1,17,14
div,223,643,659,14,12,1,1,18,14
div,223,657,659,14,12,1,1,19,14
div,223,715,659,14,12,1,1,20,14
div,223,729,659,14,12,1,1,21,14
div,223,787,659,14,12,1,1,22,14
div,223,801,659,14,12,1,1,23,14
div,223,815,659,14,12,1,1,24,14
div,223,829,659,28,12,1,1,25,14
div,223,857,659,14,12,1,1,26,14
div,223,871,659,14,12,1,1,27,14
div,223,885,659,14,12,1,1,28,14
div,223,899,659,14,12,1,1,29,14
div,223,913,659,28,12,1,1,30,14
div,223,985,659,28,12,1,1,31,14
div,223,1013,659,14,12,1,1,32,14
div,223,1027,659,14,12,1,1,33,14
div,223,1041,659,14,12,1,1,34,14
div,223,1055,659,56,12,1,1,35,14
div,223,1111,659,42,12,1,1,36,14
div,223,1153,659,28,12,1,1,37,14
div,223,1181,659,14,12,1,1,38,14
div,223,1195,659,14,12,1,1,39,14
div,223,1209,659,14,12,1,1,40,14
div,223,1223,659,14,12,1,1,41,14
div,223,1237,659,28,12,1,1,42,14
div,223,1265,659,42,12,1,1,43,14
div,223,1307,659,28,12,1,1,44,14
div,223,1335,659,14,12,1,1,45,14
div,223,1349,659,14,12,1,1,46,14
div,223,1363,659,14,12,1,1,47,14
div,223,1377,659,14,12,1,1,48,14
div,223,1391,659,14,12,1,1,49,14
div,223,1405,659,14,12,1,1,50,14
div,223,1419,659,28,12,1,1,51,14
div,223,1447,659,14,12,1,1,52,14
div,223,1461,659,56,12,1,1,53,14
div,223,1517,659,14,12,1,1,54,14
div,223,1531,659,14,12,1,1,55,14
div,223,1545,659,28,12,1,1,56,14
div,925,455,184,14,11,1,2,57,14
div,925,529,184,14,11,1,2,58,14
div,925,618,184,196,11,1,1,59,14
div,151,1607,980,72,3,1,3,60,14
a,181,45,200,50,4,0,1,61,14
a,151,113,348,231,3,0,3,62,14
a,151,344,60,34,6,0,2,63,14
a,211,344,146,34,6,0,2,64,14
a,357,344,164,34,6,0,2,65,14
a,521,344,103,34,6,0,2,66,14
a,624,344,83,34,6,0,2,67,14
a,707,344,82,34,6,0,2,68,14
a,789,344,97,34,6,0,2,69,14
a,886,344,80,34,6,0,2,70,14
a,966,344,90,34,6,0,2,71,14
a,183,400,208,24,10,0,2,72,14
a,925,435,32,32,11,0,2,73,14
a,962,435,32,32,11,0,2,74,14
a,999,435,32,32,11,0,2,75,14
a,925,618,108,14,14,0,2,76,14
a,925,632,61,14,14,0,2,77,14
a,925,646,111,14,14,0,2,78,14
a,925,660,130,14,14,0,2,79,14
a,925,674,134,14,14,0,2,80,14
a,925,688,89,14,14,0,2,81,14
a,925,702,180,14,14,0,2,82,14
a,925,716,99,14,14,0,2,83,14
a,925,730,137,28,14,0,2,84,14
a,925,758,163,14,14,0,2,85,14
a,925,772,155,14,14,0,2,86,14
a,925,786,157,14,14,0,2,87,14
a,925,800,52,14,14,0,2,88,14
a,1035,1642,66,14,4,0,2,89,14
img,1092,10,19,15,7,0,2,90,14
img,499,113,62,231,4,0,1,91,14
img,698,441,184,174,10,0,1,92,14
img,925,509,174,50,13,0,1,93,14
img,925,869,174,86,12,0,1,94,14
form,970,59,161,20,5,0,2,95,14
input,970,59,110,20,7,0,2,96,14
input,1083,59,18,18,7,0,2,97,14
ul,183,471,699,14,10,1,1,98,14
ul,183,529,699,56,10,1,1,99,14
ul,183,629,699,42,10,1,1,100,14
ul,183,715,699,28,10,1,1,101,14
ul,183,787,699,154,10,1,3,102,14
ul,183,985,699,588,10,1,3,103,14
ul,925,400,184,489,9,1,3,104,14
ul,925,618,184,196,12,1,1,105,14
li,151,344,60,34,5,1,2,106,14
li,211,344,146,34,5,1,2,107,14
li,357,344,164,34,5,1,2,108,14
li,521,344,103,34,5,1,2,109,14
li,624,344,83,34,5,1,2,110,14
li,707,344,82,34,5,1,2,111,14
li,789,344,97,34,5,1,2,112,14
li,886,344,80,34,5,1,2,113,14
li,966,344,90,34,5,1,2,114,14
li,223,471,659,14,11,1,1,115,14
li,223,529,659,14,11,1,1,116,14
li,223,543,659,14,11,1,1,117,14
li,223,557,659,28,11,1,1,118,14
li,223,629,659,14,11,1,1,119,14
li,223,643,659,14,11,1,1,120,14
li,223,657,659,14,11,1,1,121,14
li,223,715,659,14,11,1,1,122,14
li,223,729,659,14,11,1,1,123,14
li,223,787,659,14,11,1,1,124,14
li,223,801,659,14,11,1,1,125,14
li,223,815,659,14,11,1,1,126,14
li,223,829,659,28,11,1,1,127,14
li,223,857,659,14,11,1,1,128,14
li,223,871,659,14,11,1,1,129,14
li,223,885,659,14,11,1,1,130,14
li,223,899,659,14,11,1,1,131,14
li,223,913,659,28,11,1,1,132,14
li,223,985,659,28,11,1,1,133,14
li,223,1013,659,14,11,1,1,134,14
li,223,1027,659,14,11,1,1,135,14
li,223,1041,659,14,11,1,1,136,14
li,223,1055,659,56,11,1,1,137,14
li,223,1111,659,42,11,1,1,138,14
li,223,1153,659,28,11,1,1,139,14
li,223,1181,659,14,11,1,1,140,14
li,223,1195,659,14,11,1,1,141,14
li,223,1209,659,14,11,1,1,142,14
li,223,1223,659,14,11,1,1,143,14
li,223,1237,659,28,11,1,1,144,14
li,223,1265,659,42,11,1,1,145,14
li,223,1307,659,28,11,1,1,146,14
li,223,1335,659,14,11,1,1,147,14
li,223,1349,659,14,11,1,1,148,14
li,223,1363,659,14,11,1,1,149,14
li,223,1377,659,14,11,1,1,150,14
li,223,1391,659,14,11,1,1,151,14
li,223,1405,659,14,11,1,1,152,14
li,223,1419,659,28,11,1,1,153,14
li,223,1447,659,14,11,1,1,154,14
li,223,1461,659,56,11,1,1,155,14
li,223,1517,659,14,11,1,1,156,14
li,223,1531,659,14,11,1,1,157,14
li,223,1545,659,28,11,1,1,158,14
li,925,400,184,55,10,1,1,159,14
li,925,455,184,34,10,1,2,160,14
li,925,489,184,20,10,1,2,161,14
li,925,509,184,20,10,1,2,162,14
li,925,529,184,34,10,1,2,163,14
li,925,563,184,20,10,1,2,164,14
li,925,583,184,251,10,1,1,165,14
li,925,618,184,14,13,1,2,166,14
li,925,632,184,14,13,1,2,167,14
li,925,646,184,14,13,1,2,168,14
li,925,660,184,14,13,1,2,169,14
li,925,674,184,14,13,1,2,170,14
li,925,688,184,14,13,1,2,171,14
li,925,702,184,14,13,1,2,172,14
li,925,716,184,14,13,1,2,173,14
li,925,730,184,28,13,1,2,174,14
li,925,758,184,14,13,1,2,175,14
li,925,772,184,14,13,1,2,176,14
li,925,786,184,14,13,1,2,177,14
li,925,800,184,14,13,1,2,178,14
li,925,834,184,55,10,1,1,179,14
table,161,398,970,1189,4,1,4,180,14
tbody,163,400,966,1185,5,1,4,181,14
tr,163,400,966,1185,6,1,4,182,14
td,163,400,739,1185,7,1,4,183,14
td,904,400,225,1185,7,1,3,184,14
h2,183,400,699,24,9,1,1,185,14
h2,925,400,184,25,11,1,2,186,14
h2,925,583,184,25,11,1,2,187,14
h2,925,834,184,25,11,1,2,188,14
h3,183,441,699,16,10,1,1,189,14
h3,183,499,699,16,10,1,1,190,14
h3,183,599,699,16,10,1,1,191,14
h3,183,685,699,16,10,1,1,192,14
h3,183,757,699,16,10,1,1,193,14
h3,183,955,699,16,10,1,1,194,14
center,925,400,184,489,8,1,3,195,14
span,623,1628,478,13,4,1,2,196,14
