body,0,0,1282,1086,1,1,4,1,31
div,151,0,980,1086,2,1,4,2,31
div,151,0,980,113,3,1,2,3,31
div,151,0,980,25,4,1,1,4,31
div,1008,10,103,15,5,1,3,5,31
div,970,25,161,54,4,1,3,6,31
div,970,59,161,20,6,1,3,7,31
div,499,113,632,231,3,1,2,8,31
div,151,344,980,34,3,1,1,9,31
div,151,378,1010,636,3,1,4,10,31
div,183,400,599,211,8,1,2,11,31
div,183,441,599,170,9,1,2,12,31
div,151,1014,980,72,3,1,1,13,31
a,181,45,200,50,4,0,3,14,31
a,151,113,348,231,3,0,1,15,31
a,151,344,60,34,6,0,3,16,31
a,211,344,146,34,6,0,3,17,31
a,357,344,164,34,6,0,3,18,31
a,521,344,103,34,6,0,3,19,31
a,624,344,83,34,6,0,3,20,31
a,707,344,82,34,6,0,3,21,31
a,789,344,97,34,6,0,3,22,31
a,886,344,80,34,6,0,3,23,31
a,966,344,90,34,6,0,3,24,31
a,183,400,213,24,10,0,3,25,31
a,183,679,87,11,8,0,3,26,31
a,273,679,87,11,8,0,3,27,31
a,363,679,87,11,8,0,3,28,31
a,453,679,87,11,8,0,3,29,31
a,665,664,117,26,8,0,3,30,31
a,914,573,65,14,13,0,3,31,31
a,887,766,65,14,13,0,3,32,31
a,933,945,65,14,13,0,3,33,31
a,1035,1050,66,14,4,0,3,34,31
img,1092,10,19,15,7,0,3,35,31
img,499,113,62,231,4,0,3,36,31
img,183,664,87,26,9,0,3,37,31
img,273,664,87,26,9,0,3,38,31
img,363,664,87,26,9,0,3,39,31
img,453,664,87,26,9,0,3,40,31
img,665,664,117,26,9,0,3,41,31
img,827,447,100,100,13,0,3,42,31
img,827,612,100,100,13,0,3,43,31
img,827,805,100,100,13,0,3,44,31
form,970,59,161,20,5,0,3,45,31
input,970,59,110,20,7,0,3,46,31
input,1083,59,18,18,7,0,3,47,31
ul,825,400,274,592,9,1,2,48,31
ul,825,435,274,537,11,1,2,49,31
li,151,344,60,34,5,1,3,50,31
li,211,344,146,34,5,1,3,51,31
li,357,344,164,34,5,1,3,52,31
li,521,344,103,34,5,1,3,53,31
li,624,344,83,34,5,1,3,54,31
li,707,344,82,34,5,1,3,55,31
li,789,344,97,34,5,1,3,56,31
li,886,344,80,34,5,1,3,57,31
li,966,344,90,34,5,1,3,58,31
li,825,400,274,592,10,1,2,59,31
li,825,435,274,165,12,1,1,60,31
li,825,600,274,193,12,1,1,61,31
li,825,793,274,179,12,1,1,62,31
table,161,398,960,596,4,1,4,63,31
tbody,163,400,956,592,5,1,4,64,31
tr,163,400,956,592,6,1,4,65,31
td,163,400,639,592,7,1,2,66,31
td,804,400,315,592,7,1,2,67,31
h2,183,400,599,24,9,1,3,68,31
h2,825,400,274,25,11,1,3,69,31
p,183,441,599,70,10,1,1,70,31
p,183,555,599,56,10,1,1,71,31
h3,183,525,599,16,10,1,3,72,31
hr,183,643,599,1,8,0,3,73,31
center,825,400,274,592,8,1,2,74,31
strong,937,447,126,14,13,1,3,75,31
strong,937,612,71,14,13,1,3,76,31
strong,937,805,77,14,13,1,3,77,31
span,623,1035,478,13,4,1,3,78,31
