body,0,0,1282,1574,1,1,4,1,20
div,151,0,980,1574,2,1,4,2,20
div,151,0,980,113,3,1,3,3,20
div,151,0,980,25,4,1,2,4,20
div,1008,10,103,15,5,1,1,5,20
div,970,25,161,54,4,1,1,6,20
div,970,59,161,20,6,1,1,7,20
div,499,113,632,231,3,1,3,8,20
div,151,344,980,34,3,1,2,9,20
div,151,378,1010,1124,3,1,4,10,20
div,183,400,599,998,8,1,4,11,20
div,183,441,599,957,9,1,4,12,20
div,151,1502,980,72,3,1,2,13,20
a,181,45,200,50,4,0,1,14,20
a,151,113,348,231,3,0,2,15,20
a,151,344,60,34,6,0,1,16,20
a,211,344,146,34,6,0,1,17,20
a,357,344,164,34,6,0,1,18,20
a,521,344,103,34,6,0,1,19,20
a,624,344,83,34,6,0,1,20,20
a,707,344,82,34,6,0,1,21,20
a,789,344,97,34,6,0,1,22,20
a,886,344,80,34,6,0,1,23,20
a,966,344,90,34,6,0,1,24,20
a,183,400,187,24,10,0,1,25,20
a,183,1466,87,11,8,0,1,26,20
a,273,1466,87,11,8,0,1,27,20
a,363,1466,87,11,8,0,1,28,20
a,453,1466,87,11,8,0,1,29,20
a,665,1451,117,26,8,0,1,30,20
a,830,573,65,14,13,0,1,31,20
a,909,752,65,14,13,0,1,32,20
a,1007,931,65,14,13,0,1,33,20
a,1035,1537,66,14,4,0,1,34,20
img,1092,10,19,15,7,0,1,35,20
img,499,113,62,231,4,0,1,36,20
img,183,903,540,113,11,0,2,37,20
img,183,1451,87,26,9,0,1,38,20
img,273,1451,87,26,9,0,1,39,20
img,363,1451,87,26,9,0,1,40,20
img,453,1451,87,26,9,0,1,41,20
img,665,1451,117,26,9,0,1,42,20
img,827,447,100,100,13,0,1,43,20
img,827,612,100,100,13,0,1,44,20
img,827,791,100,100,13,0,1,45,20
form,970,59,161,20,5,0,1,46,20
input,970,59,110,20,7,0,1,47,20
input,1083,59,18,18,7,0,1,48,20
ul,825,400,274,578,9,1,3,49,20
ul,825,435,274,523,11,1,3,50,20
li,151,344,60,34,5,1,1,51,20
li,211,344,146,34,5,1,1,52,20
li,357,344,164,34,5,1,1,53,20
li,521,344,103,34,5,1,1,54,20
li,624,344,83,34,5,1,1,55,20
li,707,344,82,34,5,1,1,56,20
li,789,344,97,34,5,1,1,57,20
li,886,344,80,34,5,1,1,58,20
li,966,344,90,34,5,1,1,59,20
li,825,400,274,578,10,1,3,60,20
li,825,435,274,165,12,1,2,61,20
li,825,600,274,179,12,1,2,62,20
li,825,779,274,179,12,1,2,63,20
table,161,398,960,1084,4,1,4,64,20
tbody,163,400,956,1080,5,1,4,65,20
tr,163,400,956,1080,6,1,4,66,20
td,163,400,639,1080,7,1,4,67,20
td,804,400,315,1080,7,1,3,68,20
h2,183,400,599,24,9,1,1,69,20
h2,825,400,274,25,11,1,1,70,20
h3,183,441,599,16,10,1,1,71,20
h3,183,569,599,16,10,1,1,72,20
h3,183,791,599,16,10,1,1,73,20
h3,183,1030,599,16,10,1,1,74,20
h3,183,1224,599,16,10,1,1,75,20
p,183,471,599,84,10,1,2,76,20
p,183,599,599,56,10,1,2,77,20
p,183,667,599,56,10,1,2,78,20
p,183,735,599,42,10,1,2,79,20
p,183,821,599,70,10,1,2,80,20
p,183,903,599,113,10,1,2,81,20
p,183,1060,599,56,10,1,2,82,20
p,183,1128,599,28,10,1,1,83,20
p,183,1168,599,42,10,1,2,84,20
p,183,1254,599,14,10,1,1,85,20
p,183,1280,599,14,10,1,1,86,20
p,183,1306,599,14,10,1,1,87,20
p,183,1332,599,14,10,1,1,88,20
p,183,1358,599,14,10,1,1,89,20
p,183,1384,599,14,10,1,1,90,20
strong,183,599,185,14,11,1,1,91,20
strong,183,667,144,14,11,1,1,92,20
strong,937,447,94,14,13,1,1,93,20
strong,937,612,112,14,13,1,1,94,20
strong,937,791,121,14,13,1,1,95,20
hr,183,1430,599,1,8,0,1,96,20
center,825,400,274,578,8,1,3,97,20
span,623,1523,478,13,4,1,1,98,20
