body,0,0,1282,1230,1,1,2,1,1
div,151,0,980,1230,2,1,2,2,1
div,151,0,980,113,3,1,4,3,1
div,151,0,980,25,4,1,3,4,1
div,1008,10,103,15,5,1,1,5,1
div,970,25,161,54,4,1,1,6,1
div,970,59,161,20,6,1,1,7,1
div,499,113,632,231,3,1,4,8,1
div,151,344,980,34,3,1,3,9,1
div,151,378,1010,780,3,1,2,10,1
div,183,400,379,280,8,1,4,11,1
div,183,400,379,280,9,1,4,12,1
div,183,694,379,327,8,1,4,13,1
div,183,694,379,109,9,1,3,14,1
div,183,803,379,109,9,1,3,15,1
div,183,912,379,109,9,1,3,16,1
div,605,435,285,150,11,1,3,17,1
div,605,1087,285,29,11,1,1,18,1
div,933,455,184,14,11,1,1,19,1
div,933,529,184,14,11,1,1,20,1
div,933,618,184,196,11,1,3,21,1
div,151,1158,980,72,3,1,3,22,1
a,181,45,200,50,4,0,1,23,1
a,151,113,348,231,3,0,3,24,1
a,151,344,60,34,6,0,1,25,1
a,211,344,146,34,6,0,1,26,1
a,357,344,164,34,6,0,1,27,1
a,521,344,103,34,6,0,1,28,1
a,624,344,83,34,6,0,1,29,1
a,707,344,82,34,6,0,1,30,1
a,789,344,97,34,6,0,1,31,1
a,886,344,80,34,6,0,1,32,1
a,966,344,90,34,6,0,1,33,1
a,183,400,361,19,11,0,1,34,1
a,183,593,379,11,10,0,1,35,1
a,405,666,54,11,10,0,1,36,1
a,265,706,230,14,11,0,1,37,1
a,265,762,264,28,10,0,1,38,1
a,265,815,210,14,11,0,1,39,1
a,265,871,282,28,10,0,1,40,1
a,265,924,277,28,11,0,1,41,1
a,453,994,93,14,10,0,1,42,1
a,605,574,285,11,12,0,1,43,1
a,736,806,65,14,13,0,1,44,1
a,610,985,65,14,13,0,1,45,1
a,605,1102,87,11,12,0,1,46,1
a,695,1102,87,11,12,0,1,47,1
a,785,1102,87,11,12,0,1,48,1
a,933,435,32,32,11,0,1,49,1
a,970,435,32,32,11,0,1,50,1
a,1007,435,32,32,11,0,1,51,1
a,933,618,108,14,14,0,1,52,1
a,933,632,61,14,14,0,1,53,1
a,933,646,111,14,14,0,1,54,1
a,933,660,130,14,14,0,1,55,1
a,933,674,134,14,14,0,1,56,1
a,933,688,89,14,14,0,1,57,1
a,933,702,180,14,14,0,1,58,1
a,933,716,99,14,14,0,1,59,1
a,933,730,137,28,14,0,1,60,1
a,933,758,163,14,14,0,1,61,1
a,933,772,155,14,14,0,1,62,1
a,933,786,157,14,14,0,1,63,1
a,933,800,52,14,14,0,1,64,1
a,1035,1194,66,14,4,0,1,65,1
img,1092,10,19,15,7,0,1,66,1
img,499,113,62,231,4,0,1,67,1
img,183,429,379,175,11,0,3,68,1
img,405,660,54,17,11,0,1,69,1
img,185,706,70,70,11,0,1,70,1
img,185,815,70,70,11,0,1,71,1
img,185,924,70,70,11,0,1,72,1
img,605,435,285,150,13,0,3,73,1
img,607,652,100,100,13,0,1,74,1
img,607,845,100,100,13,0,1,75,1
img,605,1087,87,26,13,0,1,76,1
img,695,1087,87,26,13,0,1,77,1
img,785,1087,87,26,13,0,1,78,1
img,933,509,174,50,13,0,1,79,1
img,933,869,174,86,12,0,1,80,1
form,970,59,161,20,5,0,1,81,1
input,970,59,110,20,7,0,1,82,1
input,1083,59,18,18,7,0,1,83,1
ul,605,400,285,736,9,1,4,84,1
ul,605,640,285,372,11,1,4,85,1
ul,933,400,184,489,9,1,3,86,1
ul,933,618,184,196,12,1,3,87,1
li,151,344,60,34,5,1,1,88,1
li,211,344,146,34,5,1,1,89,1
li,357,344,164,34,5,1,1,90,1
li,521,344,103,34,5,1,1,91,1
li,624,344,83,34,5,1,1,92,1
li,707,344,82,34,5,1,1,93,1
li,789,344,97,34,5,1,1,94,1
li,886,344,80,34,5,1,1,95,1
li,966,344,90,34,5,1,1,96,1
li,605,400,285,205,10,1,3,97,1
li,605,605,285,427,10,1,4,98,1
li,605,640,285,193,12,1,3,99,1
li,605,833,285,179,12,1,3,100,1
li,605,1032,285,20,10,1,1,101,1
li,605,1052,285,84,10,1,3,102,1
li,933,400,184,55,10,1,1,103,1
li,933,455,184,34,10,1,1,104,1
li,933,489,184,20,10,1,1,105,1
li,933,509,184,20,10,1,1,106,1
li,933,529,184,34,10,1,1,107,1
li,933,563,184,20,10,1,1,108,1
li,933,583,184,251,10,1,3,109,1
li,933,618,184,14,13,1,1,110,1
li,933,632,184,14,13,1,1,111,1
li,933,646,184,14,13,1,1,112,1
li,933,660,184,14,13,1,1,113,1
li,933,674,184,14,13,1,1,114,1
li,933,688,184,14,13,1,1,115,1
li,933,702,184,14,13,1,1,116,1
li,933,716,184,14,13,1,1,117,1
li,933,730,184,28,13,1,1,118,1
li,933,758,184,14,13,1,1,119,1
li,933,772,184,14,13,1,1,120,1
li,933,786,184,14,13,1,1,121,1
li,933,800,184,14,13,1,1,122,1
li,933,834,184,55,10,1,1,123,1
table,161,398,978,740,4,1,2,124,1
tbody,163,400,974,736,5,1,2,125,1
tr,163,400,974,736,6,1,2,126,1
td,163,400,419,736,7,1,4,127,1
td,584,400,326,736,7,1,4,128,1
td,912,400,225,736,7,1,4,129,1
h3,183,400,379,19,10,1,1,130,1
h3,185,706,375,14,10,1,1,131,1
h3,185,815,375,14,10,1,1,132,1
h3,185,924,375,28,10,1,1,133,1
center,605,400,285,736,8,1,4,134,1
center,933,400,184,489,8,1,3,135,1
h2,605,400,285,25,11,1,1,136,1
h2,605,605,285,25,11,1,1,137,1
h2,605,1052,285,25,11,1,1,138,1
h2,933,400,184,25,11,1,1,139,1
h2,933,583,184,25,11,1,1,140,1
h2,933,834,184,25,11,1,1,141,1
strong,717,652,101,14,13,1,1,142,1
strong,717,845,112,14,13,1,1,143,1
span,623,1179,478,13,4,1,1,144,1
