body,0,0,1282,1059,1,1,1,1,7
div,151,0,980,1059,2,1,1,2,7
div,151,0,980,113,3,1,3,3,7
div,151,0,980,25,4,1,2,4,7
div,1008,10,103,15,5,1,4,5,7
div,970,25,161,54,4,1,4,6,7
div,970,59,161,20,6,1,4,7,7
div,499,113,632,231,3,1,3,8,7
div,151,344,980,34,3,1,2,9,7
div,151,378,1010,609,3,1,1,10,7
div,183,400,699,191,8,1,3,11,7
div,183,441,699,150,9,1,3,12,7
div,925,455,184,14,11,1,4,13,7
div,925,529,184,14,11,1,4,14,7
div,925,618,184,196,11,1,2,15,7
div,151,987,980,72,3,1,3,16,7
a,181,45,200,50,4,0,4,17,7
a,151,113,348,231,3,0,3,18,7
a,151,344,60,34,6,0,4,19,7
a,211,344,146,34,6,0,4,20,7
a,357,344,164,34,6,0,4,21,7
a,521,344,103,34,6,0,4,22,7
a,624,344,83,34,6,0,4,23,7
a,707,344,82,34,6,0,4,24,7
a,789,344,97,34,6,0,4,25,7
a,886,344,80,34,6,0,4,26,7
a,966,344,90,34,6,0,4,27,7
a,183,400,238,24,10,0,4,28,7
a,401,577,24,14,11,0,4,29,7
a,925,435,32,32,11,0,4,30,7
a,962,435,32,32,11,0,4,31,7
a,999,435,32,32,11,0,4,32,7
a,925,618,108,14,14,0,4,33,7
a,925,632,61,14,14,0,4,34,7
a,925,646,111,14,14,0,4,35,7
a,925,660,130,14,14,0,4,36,7
a,925,674,134,14,14,0,4,37,7
a,925,688,89,14,14,0,4,38,7
a,925,702,180,14,14,0,4,39,7
a,925,716,99,14,14,0,4,40,7
a,925,730,137,28,14,0,4,41,7
a,925,758,163,14,14,0,4,42,7
a,925,772,155,14,14,0,4,43,7
a,925,786,157,14,14,0,4,44,7
a,925,800,52,14,14,0,4,45,7
a,1035,1023,66,14,4,0,4,46,7
img,1092,10,19,15,7,0,4,47,7
img,499,113,62,231,4,0,2,48,7
img,623,441,259,219,12,0,2,49,7
img,925,509,174,50,13,0,4,50,7
img,925,869,174,86,12,0,2,51,7
form,970,59,161,20,5,0,4,52,7
input,970,59,110,20,7,0,4,53,7
input,1083,59,18,18,7,0,4,54,7
ul,925,400,184,489,9,1,3,55,7
ul,925,618,184,196,12,1,2,56,7
li,151,344,60,34,5,1,4,57,7
li,211,344,146,34,5,1,4,58,7
li,357,344,164,34,5,1,4,59,7
li,521,344,103,34,5,1,4,60,7
li,624,344,83,34,5,1,4,61,7
li,707,344,82,34,5,1,4,62,7
li,789,344,97,34,5,1,4,63,7
li,886,344,80,34,5,1,4,64,7
li,966,344,90,34,5,1,4,65,7
li,925,400,184,55,10,1,4,66,7
li,925,455,184,34,10,1,4,67,7
li,925,489,184,20,10,1,4,68,7
li,925,509,184,20,10,1,4,69,7
li,925,529,184,34,10,1,4,70,7
li,925,563,184,20,10,1,4,71,7
li,925,583,184,251,10,1,2,72,7
li,925,618,184,14,13,1,4,73,7
li,925,632,184,14,13,1,4,74,7
li,925,646,184,14,13,1,4,75,7
li,925,660,184,14,13,1,4,76,7
li,925,674,184,14,13,1,4,77,7
li,925,688,184,14,13,1,4,78,7
li,925,702,184,14,13,1,4,79,7
li,925,716,184,14,13,1,4,80,7
li,925,730,184,28,13,1,4,81,7
li,925,758,184,14,13,1,4,82,7
li,925,772,184,14,13,1,4,83,7
li,925,786,184,14,13,1,4,84,7
li,925,800,184,14,13,1,4,85,7
li,925,834,184,55,10,1,4,86,7
table,161,398,970,569,4,1,1,87,7
tbody,163,400,966,565,5,1,1,88,7
tr,163,400,966,565,6,1,1,89,7
td,163,400,739,565,7,1,1,90,7
td,904,400,225,565,7,1,3,91,7
h2,183,400,699,24,9,1,2,92,7
h2,925,400,184,25,11,1,4,93,7
h2,925,583,184,25,11,1,4,94,7
h2,925,834,184,25,11,1,4,95,7
p,183,441,699,56,10,1,2,96,7
p,183,509,699,56,10,1,2,97,7
p,183,577,699,14,10,1,4,98,7
center,925,400,184,489,8,1,3,99,7
span,623,1008,478,13,4,1,4,100,7
