body,0,0,1282,1059,1,1,1,1,13
div,151,0,980,1059,2,1,1,2,13
div,151,0,980,113,3,1,3,3,13
div,151,0,980,25,4,1,2,4,13
div,1008,10,103,15,5,1,4,5,13
div,970,25,161,54,4,1,4,6,13
div,970,59,161,20,6,1,4,7,13
div,499,113,632,231,3,1,3,8,13
div,151,344,980,34,3,1,2,9,13
div,151,378,1010,609,3,1,1,10,13
div,183,400,699,505,8,1,1,11,13
div,183,441,699,464,9,1,1,12,13
div,925,455,184,14,11,1,4,13,13
div,925,529,184,14,11,1,4,14,13
div,925,618,184,196,11,1,2,15,13
div,151,987,980,72,3,1,3,16,13
a,181,45,200,50,4,0,2,17,13
a,151,113,348,231,3,0,3,18,13
a,151,344,60,34,6,0,4,19,13
a,211,344,146,34,6,0,4,20,13
a,357,344,164,34,6,0,4,21,13
a,521,344,103,34,6,0,4,22,13
a,624,344,83,34,6,0,4,23,13
a,707,344,82,34,6,0,4,24,13
a,789,344,97,34,6,0,4,25,13
a,886,344,80,34,6,0,4,26,13
a,966,344,90,34,6,0,4,27,13
a,183,400,175,24,10,0,4,28,13
a,183,893,91,12,12,0,4,29,13
a,925,435,32,32,11,0,4,30,13
a,962,435,32,32,11,0,4,31,13
a,999,435,32,32,11,0,4,32,13
a,925,618,108,14,14,0,4,33,13
a,925,632,61,14,14,0,4,34,13
a,925,646,111,14,14,0,4,35,13
a,925,660,130,14,14,0,4,36,13
a,925,674,134,14,14,0,4,37,13
a,925,688,89,14,14,0,4,38,13
a,925,702,180,14,14,0,4,39,13
a,925,716,99,14,14,0,4,40,13
a,925,730,137,28,14,0,4,41,13
a,925,758,163,14,14,0,4,42,13
a,925,772,155,14,14,0,4,43,13
a,925,786,157,14,14,0,4,44,13
a,925,800,52,14,14,0,4,45,13
a,1035,1023,66,14,4,0,4,46,13
img,1092,10,19,15,7,0,4,47,13
img,499,113,62,231,4,0,2,48,13
img,925,509,174,50,13,0,4,49,13
img,925,869,174,86,12,0,2,50,13
form,970,59,161,20,5,0,4,51,13
input,970,59,110,20,7,0,4,52,13
input,1083,59,18,18,7,0,4,53,13
ul,925,400,184,489,9,1,3,54,13
ul,925,618,184,196,12,1,2,55,13
li,151,344,60,34,5,1,4,56,13
li,211,344,146,34,5,1,4,57,13
li,357,344,164,34,5,1,4,58,13
li,521,344,103,34,5,1,4,59,13
li,624,344,83,34,5,1,4,60,13
li,707,344,82,34,5,1,4,61,13
li,789,344,97,34,5,1,4,62,13
li,886,344,80,34,5,1,4,63,13
li,966,344,90,34,5,1,4,64,13
li,925,400,184,55,10,1,2,65,13
li,925,455,184,34,10,1,4,66,13
li,925,489,184,20,10,1,4,67,13
li,925,509,184,20,10,1,4,68,13
li,925,529,184,34,10,1,4,69,13
li,925,563,184,20,10,1,4,70,13
li,925,583,184,251,10,1,2,71,13
li,925,618,184,14,13,1,4,72,13
li,925,632,184,14,13,1,4,73,13
li,925,646,184,14,13,1,4,74,13
li,925,660,184,14,13,1,4,75,13
li,925,674,184,14,13,1,4,76,13
li,925,688,184,14,13,1,4,77,13
li,925,702,184,14,13,1,4,78,13
li,925,716,184,14,13,1,4,79,13
li,925,730,184,28,13,1,4,80,13
li,925,758,184,14,13,1,4,81,13
li,925,772,184,14,13,1,4,82,13
li,925,786,184,14,13,1,4,83,13
li,925,800,184,14,13,1,4,84,13
li,925,834,184,55,10,1,2,85,13
table,161,398,970,569,4,1,1,86,13
tbody,163,400,966,565,5,1,1,87,13
tr,163,400,966,565,6,1,1,88,13
td,163,400,739,565,7,1,1,89,13
td,904,400,225,565,7,1,3,90,13
h2,183,400,699,24,9,1,2,91,13
h2,183,441,699,19,10,1,2,92,13
h2,925,400,184,25,11,1,4,93,13
h2,925,583,184,25,11,1,4,94,13
h2,925,834,184,25,11,1,4,95,13
p,183,473,699,432,10,1,1,96,13
iframe,183,473,695,420,11,0,1,97,13
small,183,893,91,12,11,1,4,98,13
center,925,400,184,489,8,1,3,99,13
span,623,1008,478,13,4,1,4,100,13
