body,0,0,1282,1172,1,1,3,1,19
div,151,0,980,1172,2,1,3,2,19
div,151,0,980,113,3,1,2,3,19
div,151,0,980,25,4,1,1,4,19
div,1008,10,103,15,5,1,4,5,19
div,970,25,161,54,4,1,4,6,19
div,970,59,161,20,6,1,4,7,19
div,499,113,632,231,3,1,2,8,19
div,151,344,980,34,3,1,1,9,19
div,151,378,1010,722,3,1,3,10,19
div,183,400,599,596,8,1,2,11,19
div,183,441,599,556,9,1,2,12,19
div,151,1100,980,72,3,1,1,13,19
a,181,45,200,50,4,0,4,14,19
a,151,113,348,231,3,0,1,15,19
a,151,344,60,34,6,0,4,16,19
a,211,344,146,34,6,0,4,17,19
a,357,344,164,34,6,0,4,18,19
a,521,344,103,34,6,0,4,19,19
a,624,344,83,34,6,0,4,20,19
a,707,344,82,34,6,0,4,21,19
a,789,344,97,34,6,0,4,22,19
a,886,344,80,34,6,0,4,23,19
a,966,344,90,34,6,0,4,24,19
a,183,400,318,24,10,0,4,25,19
a,328,784,64,14,11,0,4,26,19
a,379,810,76,14,11,0,4,27,19
a,541,836,133,14,11,0,4,28,19
a,545,862,136,14,11,0,4,29,19
a,183,1064,87,11,8,0,4,30,19
a,273,1064,87,11,8,0,4,31,19
a,363,1064,87,11,8,0,4,32,19
a,453,1064,87,11,8,0,4,33,19
a,665,1049,117,26,8,0,4,34,19
a,952,573,65,14,13,0,4,35,19
a,887,766,65,14,13,0,4,36,19
a,951,945,65,14,13,0,4,37,19
a,1035,1136,66,14,4,0,4,38,19
img,1092,10,19,15,7,0,4,39,19
img,499,113,62,231,4,0,1,40,19
img,183,1049,87,26,9,0,4,41,19
img,273,1049,87,26,9,0,4,42,19
img,363,1049,87,26,9,0,4,43,19
img,453,1049,87,26,9,0,4,44,19
img,665,1049,117,26,9,0,4,45,19
img,827,447,100,100,13,0,4,46,19
img,827,612,100,100,13,0,4,47,19
img,827,805,100,100,13,0,4,48,19
form,970,59,161,20,5,0,4,49,19
input,970,59,110,20,7,0,4,50,19
input,1083,59,18,18,7,0,4,51,19
ul,183,589,599,42,10,1,1,52,19
ul,183,942,599,28,10,1,1,53,19
ul,825,400,274,592,9,1,2,54,19
ul,825,435,274,537,11,1,2,55,19
li,151,344,60,34,5,1,4,56,19
li,211,344,146,34,5,1,4,57,19
li,357,344,164,34,5,1,4,58,19
li,521,344,103,34,5,1,4,59,19
li,624,344,83,34,5,1,4,60,19
li,707,344,82,34,5,1,4,61,19
li,789,344,97,34,5,1,4,62,19
li,886,344,80,34,5,1,4,63,19
li,966,344,90,34,5,1,4,64,19
li,223,589,559,14,11,1,4,65,19
li,223,603,559,14,11,1,4,66,19
li,223,617,559,14,11,1,4,67,19
li,223,942,559,14,11,1,4,68,19
li,223,956,559,14,11,1,4,69,19
li,825,400,274,592,10,1,2,70,19
li,825,435,274,165,12,1,1,71,19
li,825,600,274,193,12,1,1,72,19
li,825,793,274,179,12,1,1,73,19
table,161,398,960,682,4,1,3,74,19
tbody,163,400,956,678,5,1,3,75,19
tr,163,400,956,678,6,1,3,76,19
td,163,400,639,678,7,1,2,77,19
td,804,400,315,678,7,1,2,78,19
h2,183,400,599,24,9,1,1,79,19
h2,183,684,599,19,10,1,4,80,19
h2,825,400,274,25,11,1,4,81,19
p,183,441,599,42,10,1,1,82,19
p,183,495,599,42,10,1,1,83,19
p,183,549,599,28,10,1,1,84,19
p,183,643,599,28,10,1,1,85,19
p,183,716,599,56,10,1,1,86,19
p,183,784,599,14,10,1,4,87,19
p,183,810,599,14,10,1,4,88,19
p,183,836,599,14,10,1,4,89,19
p,183,862,599,14,10,1,4,90,19
p,183,888,599,42,10,1,1,91,19
p,183,982,599,14,10,1,4,92,19
strong,183,784,145,14,11,1,4,93,19
strong,328,784,64,14,12,1,4,94,19
strong,183,810,196,14,11,1,4,95,19
strong,379,810,76,14,12,1,4,96,19
strong,183,836,358,14,11,1,4,97,19
strong,541,836,133,14,12,1,4,98,19
strong,183,862,362,14,11,1,4,99,19
strong,545,862,136,14,12,1,4,100,19
strong,937,447,89,14,13,1,4,101,19
strong,937,612,71,14,13,1,4,102,19
strong,937,805,119,14,13,1,4,103,19
hr,183,1028,599,1,8,0,4,104,19
center,825,400,274,592,8,1,2,105,19
span,623,1121,478,13,4,1,4,106,19
