body,0,0,1282,1344,1,1,1,1,9
div,151,0,980,1344,2,1,1,2,9
div,151,0,980,113,3,1,2,3,9
div,151,0,980,25,4,1,3,4,9
div,1008,10,103,15,5,1,4,5,9
div,970,25,161,54,4,1,3,6,9
div,970,59,161,20,6,1,4,7,9
div,499,113,632,231,3,1,2,8,9
div,151,344,980,34,3,1,3,9,9
div,151,378,1010,894,3,1,1,10,9
div,183,400,699,838,8,1,1,11,9
div,183,441,699,797,9,1,1,12,9
div,925,455,184,14,11,1,4,13,9
div,925,529,184,14,11,1,4,14,9
div,925,618,184,196,11,1,3,15,9
div,151,1272,980,72,3,1,2,16,9
a,181,45,200,50,4,0,3,17,9
a,151,113,348,231,3,0,2,18,9
a,151,344,60,34,6,0,4,19,9
a,211,344,146,34,6,0,4,20,9
a,357,344,164,34,6,0,4,21,9
a,521,344,103,34,6,0,4,22,9
a,624,344,83,34,6,0,4,23,9
a,707,344,82,34,6,0,4,24,9
a,789,344,97,34,6,0,4,25,9
a,886,344,80,34,6,0,4,26,9
a,966,344,90,34,6,0,4,27,9
a,183,400,209,24,10,0,4,28,9
a,925,435,32,32,11,0,4,29,9
a,962,435,32,32,11,0,4,30,9
a,999,435,32,32,11,0,4,31,9
a,925,618,108,14,14,0,4,32,9
a,925,632,61,14,14,0,4,33,9
a,925,646,111,14,14,0,4,34,9
a,925,660,130,14,14,0,4,35,9
a,925,674,134,14,14,0,4,36,9
a,925,688,89,14,14,0,4,37,9
a,925,702,180,14,14,0,4,38,9
a,925,716,99,14,14,0,4,39,9
a,925,730,137,28,14,0,4,40,9
a,925,758,163,14,14,0,4,41,9
a,925,772,155,14,14,0,4,42,9
a,925,786,157,14,14,0,4,43,9
a,925,800,52,14,14,0,4,44,9
a,1035,1307,66,14,4,0,4,45,9
img,1092,10,19,15,7,0,4,46,9
img,499,113,62,231,4,0,3,47,9
img,925,509,174,50,13,0,3,48,9
img,925,869,174,86,12,0,3,49,9
form,970,59,161,20,5,0,4,50,9
input,970,59,110,20,7,0,4,51,9
input,1083,59,18,18,7,0,4,52,9
ul,925,400,184,489,9,1,2,53,9
ul,925,618,184,196,12,1,3,54,9
li,151,344,60,34,5,1,4,55,9
li,211,344,146,34,5,1,4,56,9
li,357,344,164,34,5,1,4,57,9
li,521,344,103,34,5,1,4,58,9
li,624,344,83,34,5,1,4,59,9
li,707,344,82,34,5,1,4,60,9
li,789,344,97,34,5,1,4,61,9
li,886,344,80,34,5,1,4,62,9
li,966,344,90,34,5,1,4,63,9
li,925,400,184,55,10,1,3,64,9
li,925,455,184,34,10,1,4,65,9
li,925,489,184,20,10,1,4,66,9
li,925,509,184,20,10,1,4,67,9
li,925,529,184,34,10,1,4,68,9
li,925,563,184,20,10,1,4,69,9
li,925,583,184,251,10,1,3,70,9
li,925,618,184,14,13,1,4,71,9
li,925,632,184,14,13,1,4,72,9
li,925,646,184,14,13,1,4,73,9
li,925,660,184,14,13,1,4,74,9
li,925,674,184,14,13,1,4,75,9
li,925,688,184,14,13,1,4,76,9
li,925,702,184,14,13,1,4,77,9
li,925,716,184,14,13,1,4,78,9
li,925,730,184,28,13,1,4,79,9
li,925,758,184,14,13,1,4,80,9
li,925,772,184,14,13,1,4,81,9
li,925,786,184,14,13,1,4,82,9
li,925,800,184,14,13,1,4,83,9
li,925,834,184,55,10,1,3,84,9
table,161,398,970,854,4,1,1,85,9
tbody,163,400,966,850,5,1,1,86,9
tr,163,400,966,850,6,1,1,87,9
td,163,400,739,850,7,1,1,88,9
td,904,400,225,850,7,1,2,89,9
h2,183,400,699,24,9,1,3,90,9
h2,183,441,699,19,10,1,3,91,9
h2,183,542,699,19,10,1,3,92,9
h2,183,644,699,19,10,1,3,93,9
h2,183,745,699,19,10,1,3,94,9
h2,183,847,699,19,10,1,3,95,9
h2,183,948,699,19,10,1,3,96,9
h2,183,1050,699,19,10,1,3,97,9
h2,183,1138,699,19,10,1,3,98,9
h2,925,400,184,25,11,1,4,99,9
h2,925,583,184,25,11,1,4,100,9
h2,925,834,184,25,11,1,4,101,9
h4,183,473,699,14,10,1,3,102,9
h4,183,487,699,14,10,1,3,103,9
h4,183,501,699,14,10,1,3,104,9
h4,183,515,699,14,10,1,3,105,9
h4,183,574,699,14,10,1,3,106,9
h4,183,588,699,14,10,1,3,107,9
h4,183,602,699,14,10,1,3,108,9
h4,183,616,699,14,10,1,3,109,9
h4,183,676,699,14,10,1,3,110,9
h4,183,690,699,14,10,1,3,111,9
h4,183,704,699,14,10,1,3,112,9
h4,183,718,699,14,10,1,3,113,9
h4,183,778,699,14,10,1,3,114,9
h4,183,792,699,14,10,1,3,115,9
h4,183,806,699,14,10,1,3,116,9
h4,183,820,699,14,10,1,3,117,9
h4,183,879,699,14,10,1,3,118,9
h4,183,893,699,14,10,1,3,119,9
h4,183,907,699,14,10,1,3,120,9
h4,183,921,699,14,10,1,3,121,9
h4,183,981,699,14,10,1,3,122,9
h4,183,995,699,14,10,1,3,123,9
h4,183,1009,699,14,10,1,3,124,9
h4,183,1023,699,14,10,1,3,125,9
h4,183,1082,699,14,10,1,3,126,9
h4,183,1096,699,14,10,1,3,127,9
h4,183,1110,699,14,10,1,3,128,9
h4,183,1170,699,14,10,1,3,129,9
h4,183,1184,699,14,10,1,3,130,9
h4,183,1198,699,14,10,1,3,131,9
p,183,1224,699,14,10,1,3,132,9
center,925,400,184,489,8,1,2,133,9
span,623,1293,478,13,4,1,4,134,9
