body,0,0,1282,1897,1,1,1,1,18
div,151,0,980,1897,2,1,1,2,18
div,151,0,980,113,3,1,4,3,18
div,151,0,980,25,4,1,3,4,18
div,1008,10,103,15,5,1,2,5,18
div,970,25,161,54,4,1,3,6,18
div,970,59,161,20,6,1,2,7,18
div,499,113,632,231,3,1,4,8,18
div,151,344,980,34,3,1,3,9,18
div,151,378,1010,1447,3,1,1,10,18
div,183,400,599,1321,8,1,1,11,18
div,183,441,599,1280,9,1,1,12,18
div,183,1371,599,350,10,1,4,13,18
div,223,1559,559,14,13,1,3,14,18
div,223,1573,559,14,13,1,3,15,18
div,223,1587,559,14,13,1,3,16,18
div,151,1825,980,72,3,1,4,17,18
a,181,45,200,50,4,0,3,18,18
a,151,113,348,231,3,0,4,19,18
a,151,344,60,34,6,0,2,20,18
a,211,344,146,34,6,0,2,21,18
a,357,344,164,34,6,0,2,22,18
a,521,344,103,34,6,0,2,23,18
a,624,344,83,34,6,0,2,24,18
a,707,344,82,34,6,0,2,25,18
a,789,344,97,34,6,0,2,26,18
a,886,344,80,34,6,0,2,27,18
a,966,344,90,34,6,0,2,28,18
a,183,400,100,24,10,0,2,29,18
a,183,1710,174,11,12,0,2,30,18
a,183,1789,87,11,8,0,2,31,18
a,273,1789,87,11,8,0,2,32,18
a,363,1789,87,11,8,0,2,33,18
a,453,1789,87,11,8,0,2,34,18
a,665,1774,117,26,8,0,2,35,18
a,914,573,65,14,13,0,2,36,18
a,830,738,65,14,13,0,2,37,18
a,994,903,65,14,13,0,2,38,18
a,1035,1860,66,14,4,0,2,39,18
img,1092,10,19,15,7,0,2,40,18
img,499,113,62,231,4,0,3,41,18
img,183,1671,174,50,13,0,3,42,18
img,183,1774,87,26,9,0,2,43,18
img,273,1774,87,26,9,0,2,44,18
img,363,1774,87,26,9,0,2,45,18
img,453,1774,87,26,9,0,2,46,18
img,665,1774,117,26,9,0,2,47,18
img,827,447,100,100,13,0,3,48,18
img,827,612,100,100,13,0,3,49,18
img,827,777,100,100,13,0,3,50,18
form,970,59,161,20,5,0,2,51,18
input,970,59,110,20,7,0,2,52,18
input,1083,59,18,18,7,0,2,53,18
ul,183,981,599,112,10,1,4,54,18
ul,183,1137,599,126,10,1,4,55,18
ul,183,1559,599,42,11,1,3,56,18
ul,825,400,274,550,9,1,4,57,18
ul,825,435,274,495,11,1,4,58,18
li,151,344,60,34,5,1,2,59,18
li,211,344,146,34,5,1,2,60,18
li,357,344,164,34,5,1,2,61,18
li,521,344,103,34,5,1,2,62,18
li,624,344,83,34,5,1,2,63,18
li,707,344,82,34,5,1,2,64,18
li,789,344,97,34,5,1,2,65,18
li,886,344,80,34,5,1,2,66,18
li,966,344,90,34,5,1,2,67,18
li,223,981,559,28,11,1,3,68,18
li,223,1009,559,28,11,1,3,69,18
li,223,1037,559,28,11,1,3,70,18
li,223,1065,559,14,11,1,3,71,18
li,223,1079,559,14,11,1,3,72,18
li,223,1137,559,14,11,1,3,73,18
li,223,1151,559,14,11,1,3,74,18
li,223,1165,559,28,11,1,3,75,18
li,223,1193,559,14,11,1,3,76,18
li,223,1207,559,14,11,1,3,77,18
li,223,1221,559,14,11,1,3,78,18
li,223,1235,559,14,11,1,3,79,18
li,223,1249,559,14,11,1,3,80,18
li,223,1559,559,14,12,1,3,81,18
li,223,1573,559,14,12,1,3,82,18
li,223,1587,559,14,12,1,3,83,18
li,825,400,274,550,10,1,4,84,18
li,825,435,274,165,12,1,3,85,18
li,825,600,274,165,12,1,3,86,18
li,825,765,274,165,12,1,3,87,18
table,161,398,960,1407,4,1,1,88,18
tbody,163,400,956,1403,5,1,1,89,18
tr,163,400,956,1403,6,1,1,90,18
td,163,400,639,1403,7,1,1,91,18
td,804,400,315,1403,7,1,4,92,18
h2,183,400,599,24,9,1,3,93,18
h2,825,400,274,25,11,1,2,94,18
h3,183,441,599,16,10,1,3,95,18
h3,183,825,599,16,10,1,3,96,18
h3,183,925,599,16,10,1,3,97,18
h3,183,1107,599,16,10,1,3,98,18
h3,183,1371,599,16,11,1,3,99,18
h3,183,1457,599,16,11,1,3,100,18
h3,183,1529,599,16,11,1,3,101,18
h3,183,1615,599,16,11,1,3,102,18
p,183,471,599,56,10,1,3,103,18
p,183,539,599,56,10,1,3,104,18
p,183,607,599,56,10,1,3,105,18
p,183,675,599,28,10,1,3,106,18
p,183,715,599,42,10,1,3,107,18
p,183,769,599,42,10,1,3,108,18
p,183,855,599,56,10,1,3,109,18
p,183,955,599,14,10,1,3,110,18
p,183,1275,599,42,10,1,3,111,18
p,183,1329,599,28,10,1,3,112,18
p,183,1401,599,42,11,1,3,113,18
p,183,1487,599,28,11,1,3,114,18
p,183,1645,599,14,11,1,3,115,18
p,183,1671,599,50,11,1,3,116,18
strong,183,471,185,14,11,1,2,117,18
strong,183,539,144,14,11,1,2,118,18
strong,937,447,126,14,13,1,2,119,18
strong,937,612,98,14,13,1,2,120,18
strong,937,777,126,14,13,1,2,121,18
em,183,607,589,56,11,1,3,122,18
em,183,675,586,28,11,1,3,123,18
em,183,715,581,42,11,1,3,124,18
hr,183,1753,599,1,8,0,2,125,18
center,825,400,274,550,8,1,4,126,18
span,623,1846,478,13,4,1,2,127,18
