body,0,0,1282,851,1,1,3,1,17
div,151,0,980,851,2,1,3,2,17
div,151,0,980,113,3,1,4,3,17
div,151,0,980,25,4,1,2,4,17
div,1008,10,103,15,5,1,1,5,17
div,970,25,161,54,4,1,1,6,17
div,970,59,161,20,6,1,1,7,17
div,499,113,632,231,3,1,4,8,17
div,151,344,980,34,3,1,2,9,17
div,151,378,1010,401,3,1,3,10,17
div,183,400,920,345,8,1,3,11,17
div,183,441,920,304,9,1,3,12,17
div,151,779,980,72,3,1,4,13,17
a,181,45,200,50,4,0,1,14,17
a,151,113,348,231,3,0,4,15,17
a,151,344,60,34,6,0,1,16,17
a,211,344,146,34,6,0,1,17,17
a,357,344,164,34,6,0,1,18,17
a,521,344,103,34,6,0,1,19,17
a,624,344,83,34,6,0,1,20,17
a,707,344,82,34,6,0,1,21,17
a,789,344,97,34,6,0,1,22,17
a,886,344,80,34,6,0,1,23,17
a,966,344,90,34,6,0,1,24,17
a,183,400,225,24,10,0,1,25,17
a,1035,814,66,14,4,0,1,26,17
img,1092,10,19,15,7,0,1,27,17
img,499,113,62,231,4,0,2,28,17
form,970,59,161,20,5,0,1,29,17
input,970,59,110,20,7,0,1,30,17
input,1083,59,18,18,7,0,1,31,17
li,151,344,60,34,5,1,1,32,17
li,211,344,146,34,5,1,1,33,17
li,357,344,164,34,5,1,1,34,17
li,521,344,103,34,5,1,1,35,17
li,624,344,83,34,5,1,1,36,17
li,707,344,82,34,5,1,1,37,17
li,789,344,97,34,5,1,1,38,17
li,886,344,80,34,5,1,1,39,17
li,966,344,90,34,5,1,1,40,17
table,161,398,964,361,4,1,3,41,17
tbody,163,400,960,357,5,1,3,42,17
tr,163,400,960,357,6,1,3,43,17
td,163,400,960,357,7,1,3,44,17
h2,183,400,920,24,9,1,2,45,17
p,183,441,920,304,10,1,3,46,17
iframe,183,441,904,304,11,1,3,47,17
span,623,800,478,13,4,1,1,48,17
