body,0,0,1282,1059,1,1,3,1,8
div,151,0,980,1059,2,1,3,2,8
div,151,0,980,113,3,1,1,3,8
div,151,0,980,25,4,1,2,4,8
div,1008,10,103,15,5,1,4,5,8
div,970,25,161,54,4,1,4,6,8
div,970,59,161,20,6,1,4,7,8
div,499,113,632,231,3,1,1,8,8
div,151,344,980,34,3,1,2,9,8
div,151,378,1010,609,3,1,3,10,8
div,183,400,699,521,8,1,3,11,8
div,183,441,699,480,9,1,3,12,8
div,925,455,184,14,11,1,4,13,8
div,925,529,184,14,11,1,4,14,8
div,925,618,184,196,11,1,2,15,8
div,151,987,980,72,3,1,1,16,8
a,181,45,200,50,4,0,4,17,8
a,151,113,348,231,3,0,1,18,8
a,151,344,60,34,6,0,4,19,8
a,211,344,146,34,6,0,4,20,8
a,357,344,164,34,6,0,4,21,8
a,521,344,103,34,6,0,4,22,8
a,624,344,83,34,6,0,4,23,8
a,707,344,82,34,6,0,4,24,8
a,789,344,97,34,6,0,4,25,8
a,886,344,80,34,6,0,4,26,8
a,966,344,90,34,6,0,4,27,8
a,183,400,181,24,10,0,4,28,8
a,925,435,32,32,11,0,4,29,8
a,962,435,32,32,11,0,4,30,8
a,999,435,32,32,11,0,4,31,8
a,925,618,108,14,14,0,4,32,8
a,925,632,61,14,14,0,4,33,8
a,925,646,111,14,14,0,4,34,8
a,925,660,130,14,14,0,4,35,8
a,925,674,134,14,14,0,4,36,8
a,925,688,89,14,14,0,4,37,8
a,925,702,180,14,14,0,4,38,8
a,925,716,99,14,14,0,4,39,8
a,925,730,137,28,14,0,4,40,8
a,925,758,163,14,14,0,4,41,8
a,925,772,155,14,14,0,4,42,8
a,925,786,157,14,14,0,4,43,8
a,925,800,52,14,14,0,4,44,8
a,1035,1023,66,14,4,0,4,45,8
img,1092,10,19,15,7,0,4,46,8
img,499,113,62,231,4,0,2,47,8
img,682,605,200,150,12,0,2,48,8
img,925,509,174,50,13,0,4,49,8
img,925,869,174,86,12,0,2,50,8
form,970,59,161,20,5,0,4,51,8
input,970,59,110,20,7,0,4,52,8
input,1083,59,18,18,7,0,4,53,8
ul,925,400,184,489,9,1,1,54,8
ul,925,618,184,196,12,1,2,55,8
li,151,344,60,34,5,1,4,56,8
li,211,344,146,34,5,1,4,57,8
li,357,344,164,34,5,1,4,58,8
li,521,344,103,34,5,1,4,59,8
li,624,344,83,34,5,1,4,60,8
li,707,344,82,34,5,1,4,61,8
li,789,344,97,34,5,1,4,62,8
li,886,344,80,34,5,1,4,63,8
li,966,344,90,34,5,1,4,64,8
li,925,400,184,55,10,1,4,65,8
li,925,455,184,34,10,1,4,66,8
li,925,489,184,20,10,1,4,67,8
li,925,509,184,20,10,1,4,68,8
li,925,529,184,34,10,1,4,69,8
li,925,563,184,20,10,1,4,70,8
li,925,583,184,251,10,1,2,71,8
li,925,618,184,14,13,1,4,72,8
li,925,632,184,14,13,1,4,73,8
li,925,646,184,14,13,1,4,74,8
li,925,660,184,14,13,1,4,75,8
li,925,674,184,14,13,1,4,76,8
li,925,688,184,14,13,1,4,77,8
li,925,702,184,14,13,1,4,78,8
li,925,716,184,14,13,1,4,79,8
li,925,730,184,28,13,1,4,80,8
li,925,758,184,14,13,1,4,81,8
li,925,772,184,14,13,1,4,82,8
li,925,786,184,14,13,1,4,83,8
li,925,800,184,14,13,1,4,84,8
li,925,834,184,55,10,1,4,85,8
table,161,398,970,569,4,1,3,86,8
tbody,163,400,966,565,5,1,3,87,8
tr,163,400,966,565,6,1,3,88,8
td,163,400,739,565,7,1,3,89,8
td,904,400,225,565,7,1,1,90,8
h2,183,400,699,24,9,1,2,91,8
h2,925,400,184,25,11,1,4,92,8
h2,925,583,184,25,11,1,4,93,8
h2,925,834,184,25,11,1,4,94,8
h3,183,441,699,16,10,1,4,95,8
h3,183,877,699,16,10,1,4,96,8
p,183,471,699,28,10,1,2,97,8
p,183,511,699,42,10,1,2,98,8
p,183,565,699,28,10,1,2,99,8
p,183,605,699,56,10,1,2,100,8
p,183,673,699,42,10,1,2,101,8
p,183,727,699,56,10,1,2,102,8
p,183,795,699,28,10,1,2,103,8
p,183,835,699,28,10,1,2,104,8
p,183,907,699,14,10,1,4,105,8
strong,183,511,154,14,11,1,4,106,8
strong,183,605,99,14,11,1,4,107,8
strong,183,673,133,14,11,1,4,108,8
strong,183,727,139,14,11,1,4,109,8
strong,183,795,120,14,11,1,4,110,8
strong,183,835,435,14,11,1,4,111,8
center,925,400,184,489,8,1,1,112,8
span,623,1008,478,13,4,1,4,113,8
