body,0,0,1282,2213,1,1,4,1,6
div,151,0,980,2213,2,1,4,2,6
div,151,0,980,113,3,1,3,3,6
div,151,0,980,25,4,1,2,4,6
div,1008,10,103,15,5,1,1,5,6
div,970,25,161,54,4,1,2,6,6
div,970,59,161,20,6,1,1,7,6
div,499,113,632,231,3,1,3,8,6
div,151,344,980,34,3,1,2,9,6
div,151,378,1010,1763,3,1,4,10,6
div,183,400,699,1637,8,1,4,11,6
div,183,441,699,1596,9,1,4,12,6
div,925,455,184,14,11,1,1,13,6
div,925,529,184,14,11,1,1,14,6
div,925,618,184,196,11,1,2,15,6
div,151,2141,980,72,3,1,2,16,6
a,181,45,200,50,4,0,2,17,6
a,151,113,348,231,3,0,3,18,6
a,151,344,60,34,6,0,1,19,6
a,211,344,146,34,6,0,1,20,6
a,357,344,164,34,6,0,1,21,6
a,521,344,103,34,6,0,1,22,6
a,624,344,83,34,6,0,1,23,6
a,707,344,82,34,6,0,1,24,6
a,789,344,97,34,6,0,1,25,6
a,886,344,80,34,6,0,1,26,6
a,966,344,90,34,6,0,1,27,6
a,183,400,521,24,10,0,2,28,6
a,183,953,695,11,11,0,1,29,6
a,183,1321,695,11,11,0,1,30,6
a,183,1644,695,11,11,0,1,31,6
a,183,1974,695,11,11,0,1,32,6
a,362,2023,24,14,11,0,1,33,6
a,461,2023,24,14,11,0,1,34,6
a,183,2105,87,11,8,0,1,35,6
a,273,2105,87,11,8,0,1,36,6
a,363,2105,87,11,8,0,1,37,6
a,453,2105,87,11,8,0,1,38,6
a,925,435,32,32,11,0,1,39,6
a,962,435,32,32,11,0,1,40,6
a,999,435,32,32,11,0,1,41,6
a,925,618,108,14,14,0,1,42,6
a,925,632,61,14,14,0,1,43,6
a,925,646,111,14,14,0,1,44,6
a,925,660,130,14,14,0,1,45,6
a,925,674,134,14,14,0,1,46,6
a,925,688,89,14,14,0,1,47,6
a,925,702,180,14,14,0,1,48,6
a,925,716,99,14,14,0,1,49,6
a,925,730,137,28,14,0,1,50,6
a,925,758,163,14,14,0,1,51,6
a,925,772,155,14,14,0,1,52,6
a,925,786,157,14,14,0,1,53,6
a,925,800,52,14,14,0,1,54,6
a,1035,2176,66,14,4,0,1,55,6
img,1092,10,19,15,7,0,1,56,6
img,499,113,62,231,4,0,2,57,6
img,183,686,695,278,12,0,3,58,6
img,183,1010,695,322,12,0,3,59,6
img,183,1377,695,278,12,0,3,60,6
img,183,1701,695,284,12,0,3,61,6
img,183,2090,87,26,9,0,1,62,6
img,273,2090,87,26,9,0,1,63,6
img,363,2090,87,26,9,0,1,64,6
img,453,2090,87,26,9,0,1,65,6
img,925,509,174,50,13,0,2,66,6
img,925,869,174,86,12,0,2,67,6
form,970,59,161,20,5,0,1,68,6
input,970,59,110,20,7,0,1,69,6
input,1083,59,18,18,7,0,1,70,6
ul,925,400,184,489,9,1,3,71,6
ul,925,618,184,196,12,1,2,72,6
li,151,344,60,34,5,1,1,73,6
li,211,344,146,34,5,1,1,74,6
li,357,344,164,34,5,1,1,75,6
li,521,344,103,34,5,1,1,76,6
li,624,344,83,34,5,1,1,77,6
li,707,344,82,34,5,1,1,78,6
li,789,344,97,34,5,1,1,79,6
li,886,344,80,34,5,1,1,80,6
li,966,344,90,34,5,1,1,81,6
li,925,400,184,55,10,1,2,82,6
li,925,455,184,34,10,1,1,83,6
li,925,489,184,20,10,1,1,84,6
li,925,509,184,20,10,1,1,85,6
li,925,529,184,34,10,1,1,86,6
li,925,563,184,20,10,1,1,87,6
li,925,583,184,251,10,1,2,88,6
li,925,618,184,14,13,1,1,89,6
li,925,632,184,14,13,1,1,90,6
li,925,646,184,14,13,1,1,91,6
li,925,660,184,14,13,1,1,92,6
li,925,674,184,14,13,1,1,93,6
li,925,688,184,14,13,1,1,94,6
li,925,702,184,14,13,1,1,95,6
li,925,716,184,14,13,1,1,96,6
li,925,730,184,28,13,1,1,97,6
li,925,758,184,14,13,1,1,98,6
li,925,772,184,14,13,1,1,99,6
li,925,786,184,14,13,1,1,100,6
li,925,800,184,14,13,1,1,101,6
li,925,834,184,55,10,1,2,102,6
table,161,398,970,1723,4,1,4,103,6
tbody,163,400,966,1719,5,1,4,104,6
tr,163,400,966,1719,6,1,4,105,6
td,163,400,739,1719,7,1,4,106,6
td,904,400,225,1719,7,1,3,107,6
h2,183,400,699,24,9,1,2,108,6
h2,183,654,699,19,10,1,2,109,6
h2,183,977,699,19,10,1,2,110,6
h2,183,1345,699,19,10,1,2,111,6
h2,183,1669,699,19,10,1,2,112,6
h2,925,400,184,25,11,1,1,113,6
h2,925,583,184,25,11,1,1,114,6
h2,925,834,184,25,11,1,1,115,6
p,183,441,699,28,10,1,2,116,6
p,183,481,699,28,10,1,2,117,6
p,183,521,699,28,10,1,2,118,6
p,183,561,699,28,10,1,2,119,6
p,183,601,699,14,10,1,2,120,6
p,183,627,699,14,10,1,2,121,6
p,183,686,699,278,10,1,3,122,6
p,183,1010,699,322,10,1,3,123,6
p,183,1377,699,278,10,1,3,124,6
p,183,1701,699,284,10,1,3,125,6
p,183,1997,699,14,10,1,2,126,6
p,183,2023,699,14,10,1,2,127,6
strong,183,481,76,14,11,1,1,128,6
strong,183,521,97,14,11,1,1,129,6
strong,183,561,230,14,11,1,1,130,6
strong,183,601,122,14,11,1,1,131,6
strong,183,627,62,14,11,1,1,132,6
hr,183,2069,699,1,8,0,1,133,6
center,925,400,184,489,8,1,3,134,6
span,623,2162,478,13,4,1,1,135,6
