body,0,0,1282,1058,1,1,2,1,26
div,151,0,980,1058,2,1,2,2,26
div,151,0,980,113,3,1,1,3,26
div,151,0,980,25,4,1,3,4,26
div,1008,10,103,15,5,1,4,5,26
div,970,25,161,54,4,1,4,6,26
div,970,59,161,20,6,1,4,7,26
div,499,113,632,231,3,1,1,8,26
div,151,344,980,34,3,1,3,9,26
div,151,378,1010,608,3,1,2,10,26
div,183,400,599,201,8,1,1,11,26
div,183,441,599,160,9,1,1,12,26
div,151,986,980,72,3,1,3,13,26
a,181,45,200,50,4,0,4,14,26
a,151,113,348,231,3,0,3,15,26
a,151,344,60,34,6,0,4,16,26
a,211,344,146,34,6,0,4,17,26
a,357,344,164,34,6,0,4,18,26
a,521,344,103,34,6,0,4,19,26
a,624,344,83,34,6,0,4,20,26
a,707,344,82,34,6,0,4,21,26
a,789,344,97,34,6,0,4,22,26
a,886,344,80,34,6,0,4,23,26
a,966,344,90,34,6,0,4,24,26
a,183,400,141,24,10,0,4,25,26
a,435,471,24,14,12,0,4,26,26
a,265,545,133,14,12,0,4,27,26
a,268,559,232,14,12,0,4,28,26
a,271,573,221,14,12,0,4,29,26
a,273,587,109,14,12,0,4,30,26
a,914,573,65,14,13,0,4,31,26
a,830,738,65,14,13,0,4,32,26
a,1007,917,65,14,13,0,4,33,26
a,1035,1022,66,14,4,0,4,34,26
img,1092,10,19,15,7,0,4,35,26
img,499,113,62,231,4,0,4,36,26
img,827,447,100,100,13,0,4,37,26
img,827,612,100,100,13,0,4,38,26
img,827,777,100,100,13,0,4,39,26
form,970,59,161,20,5,0,4,40,26
input,970,59,110,20,7,0,4,41,26
input,1083,59,18,18,7,0,4,42,26
ul,183,471,599,14,10,1,4,43,26
ul,183,545,599,56,10,1,3,44,26
ul,825,400,274,564,9,1,1,45,26
ul,825,435,274,509,11,1,1,46,26
li,151,344,60,34,5,1,4,47,26
li,211,344,146,34,5,1,4,48,26
li,357,344,164,34,5,1,4,49,26
li,521,344,103,34,5,1,4,50,26
li,624,344,83,34,5,1,4,51,26
li,707,344,82,34,5,1,4,52,26
li,789,344,97,34,5,1,4,53,26
li,886,344,80,34,5,1,4,54,26
li,966,344,90,34,5,1,4,55,26
li,223,471,559,14,11,1,4,56,26
li,223,545,559,14,11,1,4,57,26
li,223,559,559,14,11,1,4,58,26
li,223,573,559,14,11,1,4,59,26
li,223,587,559,14,11,1,4,60,26
li,825,400,274,564,10,1,1,61,26
li,825,435,274,165,12,1,3,62,26
li,825,600,274,165,12,1,3,63,26
li,825,765,274,179,12,1,3,64,26
table,161,398,960,568,4,1,2,65,26
tbody,163,400,956,564,5,1,2,66,26
tr,163,400,956,564,6,1,2,67,26
td,163,400,639,564,7,1,1,68,26
td,804,400,315,564,7,1,1,69,26
h2,183,400,599,24,9,1,4,70,26
h2,825,400,274,25,11,1,4,71,26
h3,183,441,599,16,10,1,4,72,26
h3,183,499,599,32,10,1,3,73,26
center,825,400,274,564,8,1,1,74,26
strong,937,447,126,14,13,1,4,75,26
strong,937,612,81,14,13,1,4,76,26
strong,937,777,121,14,13,1,4,77,26
span,623,1007,478,13,4,1,4,78,26
