body,0,0,1282,1935,1,1,1,1,10
div,151,0,980,1935,2,1,1,2,10
div,151,0,980,113,3,1,3,3,10
div,151,0,980,25,4,1,2,4,10
div,1008,10,103,15,5,1,4,5,10
div,970,25,161,54,4,1,2,6,10
div,970,59,161,20,6,1,4,7,10
div,499,113,632,231,3,1,3,8,10
div,151,344,980,34,3,1,3,9,10
div,151,378,1010,1485,3,1,1,10,10
div,183,441,340,140,8,1,3,11,10
div,193,486,320,42,9,1,2,12,10
div,523,441,340,140,8,1,3,13,10
div,533,486,320,42,9,1,2,14,10
div,183,581,340,140,8,1,3,15,10
div,193,626,320,42,9,1,2,16,10
div,523,581,340,140,8,1,3,17,10
div,533,626,320,28,9,1,2,18,10
div,183,721,340,140,8,1,3,19,10
div,193,766,320,28,9,1,2,20,10
div,523,721,340,140,8,1,3,21,10
div,533,766,320,28,9,1,2,22,10
div,183,861,340,140,8,1,3,23,10
div,193,906,320,56,9,1,2,24,10
div,523,861,340,140,8,1,3,25,10
div,533,906,320,56,9,1,2,26,10
div,183,1001,340,140,8,1,3,27,10
div,193,1046,320,56,9,1,2,28,10
div,523,1001,340,140,8,1,3,29,10
div,533,1046,320,56,9,1,2,30,10
div,183,1141,340,140,8,1,3,31,10
div,193,1186,320,42,9,1,2,32,10
div,523,1141,340,140,8,1,3,33,10
div,533,1186,320,42,9,1,2,34,10
div,183,1281,340,140,8,1,3,35,10
div,193,1326,320,56,9,1,2,36,10
div,523,1281,340,140,8,1,3,37,10
div,533,1326,320,56,9,1,2,38,10
div,183,1421,340,140,8,1,3,39,10
div,193,1466,320,56,9,1,2,40,10
div,523,1421,340,140,8,1,3,41,10
div,533,1466,320,42,9,1,2,42,10
div,183,1561,340,140,8,1,3,43,10
div,193,1606,320,56,9,1,2,44,10
div,523,1561,340,140,8,1,3,45,10
div,533,1606,320,42,9,1,2,46,10
div,183,1701,340,140,8,1,3,47,10
div,193,1746,320,28,9,1,2,48,10
div,523,1701,340,140,8,1,3,49,10
div,533,1746,320,42,9,1,2,50,10
div,925,455,184,14,11,1,4,51,10
div,925,529,184,14,11,1,4,52,10
div,925,618,184,196,11,1,3,53,10
div,151,1863,980,72,3,1,3,54,10
a,181,45,200,50,4,0,2,55,10
a,151,113,348,231,3,0,3,56,10
a,151,344,60,34,6,0,4,57,10
a,211,344,146,34,6,0,2,58,10
a,357,344,164,34,6,0,2,59,10
a,521,344,103,34,6,0,4,60,10
a,624,344,83,34,6,0,4,61,10
a,707,344,82,34,6,0,4,62,10
a,789,344,97,34,6,0,4,63,10
a,886,344,80,34,6,0,4,64,10
a,966,344,90,34,6,0,4,65,10
a,183,400,137,24,9,0,4,66,10
a,273,451,112,19,10,0,4,67,10
a,613,451,133,19,10,0,4,68,10
a,273,591,82,19,10,0,4,69,10
a,613,591,126,19,10,0,4,70,10
a,273,731,157,19,10,0,4,71,10
a,613,731,131,19,10,0,4,72,10
a,273,871,97,19,10,0,4,73,10
a,613,871,149,19,10,0,4,74,10
a,273,1011,112,19,10,0,4,75,10
a,613,1011,82,19,10,0,4,76,10
a,273,1151,126,19,10,0,4,77,10
a,613,1151,123,19,10,0,4,78,10
a,273,1291,111,19,10,0,4,79,10
a,613,1291,129,19,10,0,4,80,10
a,273,1431,150,19,10,0,4,81,10
a,613,1431,112,19,10,0,4,82,10
a,273,1571,133,19,10,0,4,83,10
a,613,1571,112,19,10,0,4,84,10
a,273,1711,177,19,10,0,4,85,10
a,613,1711,96,19,10,0,4,86,10
a,925,435,32,32,11,0,4,87,10
a,962,435,32,32,11,0,4,88,10
a,999,435,32,32,11,0,4,89,10
a,925,618,108,14,14,0,4,90,10
a,925,632,61,14,14,0,4,91,10
a,925,646,111,14,14,0,4,92,10
a,925,660,130,14,14,0,4,93,10
a,925,674,134,14,14,0,4,94,10
a,925,688,89,14,14,0,4,95,10
a,925,702,180,14,14,0,4,96,10
a,925,716,99,14,14,0,4,97,10
a,925,730,137,28,14,0,4,98,10
a,925,758,163,14,14,0,4,99,10
a,925,772,155,14,14,0,4,100,10
a,925,786,157,14,14,0,4,101,10
a,925,800,52,14,14,0,4,102,10
a,1035,1898,66,14,4,0,4,103,10
img,1092,10,19,15,7,0,4,104,10
img,499,113,62,231,4,0,2,105,10
img,193,451,80,70,10,0,2,106,10
img,533,451,80,70,10,0,2,107,10
img,193,591,80,70,10,0,2,108,10
img,533,591,80,70,10,0,2,109,10
img,193,731,80,70,10,0,2,110,10
img,533,731,80,70,10,0,2,111,10
img,193,871,80,70,10,0,2,112,10
img,533,871,80,70,10,0,2,113,10
img,193,1011,80,70,10,0,2,114,10
img,533,1011,80,70,10,0,2,115,10
img,193,1151,80,70,10,0,2,116,10
img,533,1151,80,70,10,0,2,117,10
img,193,1291,80,70,10,0,2,118,10
img,533,1291,80,70,10,0,2,119,10
img,193,1431,80,70,10,0,2,120,10
img,533,1431,80,70,10,0,2,121,10
img,193,1571,80,70,10,0,2,122,10
img,533,1571,80,70,10,0,2,123,10
img,193,1711,80,70,10,0,2,124,10
img,533,1711,80,70,10,0,2,125,10
img,925,509,174,50,13,0,2,126,10
img,925,869,174,86,12,0,2,127,10
form,970,59,161,20,5,0,4,128,10
input,970,59,110,20,7,0,4,129,10
input,1083,59,18,18,7,0,4,130,10
ul,925,400,184,489,9,1,3,131,10
ul,925,618,184,196,12,1,3,132,10
li,151,344,60,34,5,1,4,133,10
li,211,344,146,34,5,1,2,134,10
li,357,344,164,34,5,1,2,135,10
li,521,344,103,34,5,1,4,136,10
li,624,344,83,34,5,1,4,137,10
li,707,344,82,34,5,1,4,138,10
li,789,344,97,34,5,1,4,139,10
li,886,344,80,34,5,1,4,140,10
li,966,344,90,34,5,1,4,141,10
li,925,400,184,55,10,1,2,142,10
li,925,455,184,34,10,1,2,143,10
li,925,489,184,20,10,1,4,144,10
li,925,509,184,20,10,1,4,145,10
li,925,529,184,34,10,1,2,146,10
li,925,563,184,20,10,1,4,147,10
li,925,583,184,251,10,1,3,148,10
li,925,618,184,14,13,1,4,149,10
li,925,632,184,14,13,1,4,150,10
li,925,646,184,14,13,1,4,151,10
li,925,660,184,14,13,1,4,152,10
li,925,674,184,14,13,1,4,153,10
li,925,688,184,14,13,1,4,154,10
li,925,702,184,14,13,1,4,155,10
li,925,716,184,14,13,1,4,156,10
li,925,730,184,28,13,1,2,157,10
li,925,758,184,14,13,1,4,158,10
li,925,772,184,14,13,1,4,159,10
li,925,786,184,14,13,1,4,160,10
li,925,800,184,14,13,1,4,161,10
li,925,834,184,55,10,1,2,162,10
table,161,398,970,1445,4,1,1,163,10
tbody,163,400,966,1441,5,1,1,164,10
tr,163,400,966,1441,6,1,1,165,10
td,163,400,739,1441,7,1,1,166,10
td,904,400,225,1441,7,1,3,167,10
h2,183,400,699,24,8,1,2,168,10
h2,925,400,184,25,11,1,4,169,10
h2,925,583,184,25,11,1,4,170,10
h2,925,834,184,25,11,1,4,171,10
h3,193,451,320,19,9,1,2,172,10
h3,533,451,320,19,9,1,2,173,10
h3,193,591,320,19,9,1,2,174,10
h3,533,591,320,19,9,1,2,175,10
h3,193,731,320,19,9,1,2,176,10
h3,533,731,320,19,9,1,2,177,10
h3,193,871,320,19,9,1,2,178,10
h3,533,871,320,19,9,1,2,179,10
h3,193,1011,320,19,9,1,2,180,10
h3,533,1011,320,19,9,1,2,181,10
h3,193,1151,320,19,9,1,2,182,10
h3,533,1151,320,19,9,1,2,183,10
h3,193,1291,320,19,9,1,2,184,10
h3,533,1291,320,19,9,1,2,185,10
h3,193,1431,320,19,9,1,2,186,10
h3,533,1431,320,19,9,1,2,187,10
h3,193,1571,320,19,9,1,2,188,10
h3,533,1571,320,19,9,1,2,189,10
h3,193,1711,320,19,9,1,2,190,10
h3,533,1711,320,19,9,1,2,191,10
center,925,400,184,489,8,1,3,192,10
span,623,1884,478,13,4,1,2,193,10
