body,0,0,1282,1100,1,1,4,1,33
div,151,0,980,1100,2,1,4,2,33
div,151,0,980,113,3,1,2,3,33
div,151,0,980,25,4,1,3,4,33
div,1008,10,103,15,5,1,1,5,33
div,970,25,161,54,4,1,1,6,33
div,970,59,161,20,6,1,1,7,33
div,499,113,632,231,3,1,2,8,33
div,151,344,980,34,3,1,3,9,33
div,151,378,1010,650,3,1,4,10,33
div,183,400,599,207,8,1,2,11,33
div,183,441,599,166,9,1,3,12,33
div,151,1028,980,72,3,1,3,13,33
a,181,45,200,50,4,0,1,14,33
a,151,113,348,231,3,0,3,15,33
a,151,344,60,34,6,0,1,16,33
a,211,344,146,34,6,0,1,17,33
a,357,344,164,34,6,0,1,18,33
a,521,344,103,34,6,0,1,19,33
a,624,344,83,34,6,0,1,20,33
a,707,344,82,34,6,0,1,21,33
a,789,344,97,34,6,0,1,22,33
a,886,344,80,34,6,0,1,23,33
a,966,344,90,34,6,0,1,24,33
a,183,400,152,24,10,0,1,25,33
a,183,675,87,11,8,0,1,26,33
a,273,675,87,11,8,0,1,27,33
a,363,675,87,11,8,0,1,28,33
a,453,675,87,11,8,0,1,29,33
a,665,660,117,26,8,0,1,30,33
a,952,573,65,14,13,0,1,31,33
a,933,752,65,14,13,0,1,32,33
a,830,959,65,14,13,0,1,33,33
a,1035,1064,66,14,4,0,1,34,33
img,1092,10,19,15,7,0,1,35,33
img,499,113,62,231,4,0,1,36,33
img,183,660,87,26,9,0,1,37,33
img,273,660,87,26,9,0,1,38,33
img,363,660,87,26,9,0,1,39,33
img,453,660,87,26,9,0,1,40,33
img,665,660,117,26,9,0,1,41,33
img,827,447,100,100,13,0,1,42,33
img,827,612,100,100,13,0,1,43,33
img,827,791,100,100,13,0,1,44,33
form,970,59,161,20,5,0,1,45,33
input,970,59,110,20,7,0,1,46,33
input,1083,59,18,18,7,0,1,47,33
ul,183,523,599,84,10,1,3,48,33
ul,825,400,274,606,9,1,2,49,33
ul,825,435,274,551,11,1,2,50,33
li,151,344,60,34,5,1,1,51,33
li,211,344,146,34,5,1,1,52,33
li,357,344,164,34,5,1,1,53,33
li,521,344,103,34,5,1,1,54,33
li,624,344,83,34,5,1,1,55,33
li,707,344,82,34,5,1,1,56,33
li,789,344,97,34,5,1,1,57,33
li,886,344,80,34,5,1,1,58,33
li,966,344,90,34,5,1,1,59,33
li,223,523,559,14,11,1,1,60,33
li,223,537,559,14,11,1,1,61,33
li,223,551,559,14,11,1,1,62,33
li,223,565,559,14,11,1,1,63,33
li,223,579,559,14,11,1,1,64,33
li,223,593,559,14,11,1,1,65,33
li,825,400,274,606,10,1,2,66,33
li,825,435,274,165,12,1,3,67,33
li,825,600,274,179,12,1,3,68,33
li,825,779,274,207,12,1,3,69,33
table,161,398,960,610,4,1,4,70,33
tbody,163,400,956,606,5,1,4,71,33
tr,163,400,956,606,6,1,4,72,33
td,163,400,639,606,7,1,2,73,33
td,804,400,315,606,7,1,2,74,33
h2,183,400,599,24,9,1,1,75,33
h2,825,400,274,25,11,1,1,76,33
p,183,441,599,70,10,1,3,77,33
hr,183,639,599,1,8,0,1,78,33
center,825,400,274,606,8,1,2,79,33
strong,937,447,89,14,13,1,1,80,33
strong,937,612,77,14,13,1,1,81,33
strong,937,791,88,14,13,1,1,82,33
span,623,1049,478,13,4,1,1,83,33
