body,0,0,1282,2775,1,1,4,1,5
div,151,0,980,2775,2,1,4,2,5
div,151,0,980,113,3,1,1,3,5
div,151,0,980,25,4,1,2,4,5
div,1008,10,103,15,5,1,3,5,5
div,970,25,161,54,4,1,2,6,5
div,970,59,161,20,6,1,3,7,5
div,499,113,632,231,3,1,1,8,5
div,151,344,980,34,3,1,1,9,5
div,151,378,1010,2325,3,1,4,10,5
div,183,441,340,140,8,1,1,11,5
div,193,486,320,28,9,1,2,12,5
div,523,441,340,140,8,1,1,13,5
div,533,486,320,28,9,1,2,14,5
div,183,581,340,140,8,1,1,15,5
div,193,626,320,28,9,1,2,16,5
div,523,581,340,140,8,1,1,17,5
div,533,626,320,28,9,1,2,18,5
div,183,721,340,140,8,1,1,19,5
div,193,766,320,28,9,1,2,20,5
div,523,721,340,140,8,1,1,21,5
div,533,766,320,42,9,1,2,22,5
div,183,861,340,140,8,1,1,23,5
div,193,906,320,28,9,1,2,24,5
div,523,861,340,140,8,1,1,25,5
div,533,906,320,28,9,1,2,26,5
div,183,1001,340,140,8,1,1,27,5
div,193,1046,320,28,9,1,2,28,5
div,523,1001,340,140,8,1,1,29,5
div,533,1046,320,28,9,1,2,30,5
div,183,1141,340,140,8,1,1,31,5
div,193,1186,320,28,9,1,2,32,5
div,523,1141,340,140,8,1,1,33,5
div,533,1186,320,42,9,1,2,34,5
div,183,1281,340,140,8,1,1,35,5
div,193,1326,320,28,9,1,2,36,5
div,523,1281,340,140,8,1,1,37,5
div,533,1326,320,28,9,1,2,38,5
div,183,1421,340,140,8,1,1,39,5
div,193,1466,320,42,9,1,2,40,5
div,523,1421,340,140,8,1,1,41,5
div,533,1466,320,28,9,1,2,42,5
div,183,1561,340,140,8,1,1,43,5
div,193,1606,320,28,9,1,2,44,5
div,523,1561,340,140,8,1,1,45,5
div,533,1606,320,28,9,1,2,46,5
div,183,1701,340,140,8,1,1,47,5
div,193,1746,320,28,9,1,2,48,5
div,523,1701,340,140,8,1,1,49,5
div,533,1746,320,42,9,1,2,50,5
div,183,1841,340,140,8,1,1,51,5
div,193,1886,320,28,9,1,2,52,5
div,523,1841,340,140,8,1,1,53,5
div,533,1886,320,42,9,1,2,54,5
div,183,1981,340,140,8,1,1,55,5
div,193,2026,320,28,9,1,2,56,5
div,523,1981,340,140,8,1,1,57,5
div,533,2026,320,28,9,1,2,58,5
div,183,2121,340,140,8,1,1,59,5
div,193,2166,320,28,9,1,2,60,5
div,523,2121,340,140,8,1,1,61,5
div,533,2166,320,28,9,1,2,62,5
div,183,2261,340,140,8,1,1,63,5
div,193,2306,320,28,9,1,2,64,5
div,523,2261,340,140,8,1,1,65,5
div,533,2306,320,28,9,1,2,66,5
div,183,2401,340,140,8,1,1,67,5
div,193,2446,320,28,9,1,2,68,5
div,523,2401,340,140,8,1,1,69,5
div,533,2446,320,28,9,1,2,70,5
div,183,2541,340,140,8,1,1,71,5
div,193,2586,320,28,9,1,2,72,5
div,523,2541,340,140,8,1,1,73,5
div,533,2586,320,42,9,1,2,74,5
div,925,455,184,14,11,1,3,75,5
div,925,529,184,14,11,1,3,76,5
div,925,618,184,196,11,1,1,77,5
div,151,2703,980,72,3,1,1,78,5
a,181,45,200,50,4,0,2,79,5
a,151,113,348,231,3,0,1,80,5
a,151,344,60,34,6,0,3,81,5
a,211,344,146,34,6,0,2,82,5
a,357,344,164,34,6,0,2,83,5
a,521,344,103,34,6,0,3,84,5
a,624,344,83,34,6,0,3,85,5
a,707,344,82,34,6,0,3,86,5
a,789,344,97,34,6,0,3,87,5
a,886,344,80,34,6,0,3,88,5
a,966,344,90,34,6,0,3,89,5
a,183,400,137,24,9,0,3,90,5
a,273,451,135,19,10,0,3,91,5
a,613,451,101,19,10,0,3,92,5
a,273,591,139,19,10,0,3,93,5
a,613,591,146,19,10,0,3,94,5
a,273,731,145,19,10,0,3,95,5
a,613,731,131,19,10,0,3,96,5
a,273,871,124,19,10,0,3,97,5
a,613,871,110,19,10,0,3,98,5
a,273,1011,106,19,10,0,3,99,5
a,613,1011,123,19,10,0,3,100,5
a,273,1151,116,19,10,0,3,101,5
a,613,1151,89,19,10,0,3,102,5
a,273,1291,118,19,10,0,3,103,5
a,613,1291,94,19,10,0,3,104,5
a,273,1431,130,19,10,0,3,105,5
a,613,1431,132,19,10,0,3,106,5
a,273,1571,107,19,10,0,3,107,5
a,613,1571,124,19,10,0,3,108,5
a,273,1711,130,19,10,0,3,109,5
a,613,1711,126,19,10,0,3,110,5
a,273,1851,143,19,10,0,3,111,5
a,613,1851,117,19,10,0,3,112,5
a,273,1991,115,19,10,0,3,113,5
a,613,1991,115,19,10,0,3,114,5
a,273,2131,106,19,10,0,3,115,5
a,613,2131,120,19,10,0,3,116,5
a,273,2271,113,19,10,0,3,117,5
a,613,2271,127,19,10,0,3,118,5
a,273,2411,130,19,10,0,3,119,5
a,613,2411,113,19,10,0,3,120,5
a,273,2551,138,19,10,0,3,121,5
a,613,2551,139,19,10,0,3,122,5
a,925,435,32,32,11,0,3,123,5
a,962,435,32,32,11,0,3,124,5
a,999,435,32,32,11,0,3,125,5
a,925,618,108,14,14,0,3,126,5
a,925,632,61,14,14,0,3,127,5
a,925,646,111,14,14,0,3,128,5
a,925,660,130,14,14,0,3,129,5
a,925,674,134,14,14,0,3,130,5
a,925,688,89,14,14,0,3,131,5
a,925,702,180,14,14,0,3,132,5
a,925,716,99,14,14,0,3,133,5
a,925,730,137,28,14,0,3,134,5
a,925,758,163,14,14,0,3,135,5
a,925,772,155,14,14,0,3,136,5
a,925,786,157,14,14,0,3,137,5
a,925,800,52,14,14,0,3,138,5
a,1035,2738,66,14,4,0,3,139,5
img,1092,10,19,15,7,0,3,140,5
img,499,113,62,231,4,0,2,141,5
img,193,451,80,70,10,0,2,142,5
img,533,451,80,70,10,0,2,143,5
img,193,591,80,70,10,0,2,144,5
img,533,591,80,70,10,0,2,145,5
img,193,731,80,70,10,0,2,146,5
img,533,731,80,70,10,0,2,147,5
img,193,871,80,70,10,0,2,148,5
img,533,871,80,70,10,0,2,149,5
img,193,1011,80,70,10,0,2,150,5
img,533,1011,80,70,10,0,2,151,5
img,193,1151,80,70,10,0,2,152,5
img,533,1151,80,70,10,0,2,153,5
img,193,1291,80,70,10,0,2,154,5
img,533,1291,80,70,10,0,2,155,5
img,193,1431,80,70,10,0,2,156,5
img,533,1431,80,70,10,0,2,157,5
img,193,1571,80,70,10,0,2,158,5
img,533,1571,80,70,10,0,2,159,5
img,193,1711,80,70,10,0,2,160,5
img,533,1711,80,70,10,0,2,161,5
img,193,1851,80,70,10,0,2,162,5
img,533,1851,80,70,10,0,2,163,5
img,193,1991,80,70,10,0,2,164,5
img,533,1991,80,70,10,0,2,165,5
img,193,2131,80,70,10,0,2,166,5
img,533,2131,80,70,10,0,2,167,5
img,193,2271,80,70,10,0,2,168,5
img,533,2271,80,70,10,0,2,169,5
img,193,2411,80,70,10,0,2,170,5
img,533,2411,80,70,10,0,2,171,5
img,193,2551,80,70,10,0,2,172,5
img,533,2551,80,70,10,0,2,173,5
img,925,509,174,50,13,0,2,174,5
img,925,869,174,86,12,0,2,175,5
form,970,59,161,20,5,0,3,176,5
input,970,59,110,20,7,0,3,177,5
input,1083,59,18,18,7,0,3,178,5
ul,925,400,184,489,9,1,1,179,5
ul,925,618,184,196,12,1,1,180,5
li,151,344,60,34,5,1,3,181,5
li,211,344,146,34,5,1,2,182,5
li,357,344,164,34,5,1,2,183,5
li,521,344,103,34,5,1,3,184,5
li,624,344,83,34,5,1,3,185,5
li,707,344,82,34,5,1,3,186,5
li,789,344,97,34,5,1,3,187,5
li,886,344,80,34,5,1,3,188,5
li,966,344,90,34,5,1,3,189,5
li,925,400,184,55,10,1,2,190,5
li,925,455,184,34,10,1,2,191,5
li,925,489,184,20,10,1,3,192,5
li,925,509,184,20,10,1,3,193,5
li,925,529,184,34,10,1,2,194,5
li,925,563,184,20,10,1,3,195,5
li,925,583,184,251,10,1,1,196,5
li,925,618,184,14,13,1,3,197,5
li,925,632,184,14,13,1,3,198,5
li,925,646,184,14,13,1,3,199,5
li,925,660,184,14,13,1,3,200,5
li,925,674,184,14,13,1,3,201,5
li,925,688,184,14,13,1,3,202,5
li,925,702,184,14,13,1,3,203,5
li,925,716,184,14,13,1,3,204,5
li,925,730,184,28,13,1,2,205,5
li,925,758,184,14,13,1,3,206,5
li,925,772,184,14,13,1,3,207,5
li,925,786,184,14,13,1,3,208,5
li,925,800,184,14,13,1,3,209,5
li,925,834,184,55,10,1,2,210,5
table,161,398,970,2285,4,1,4,211,5
tbody,163,400,966,2281,5,1,4,212,5
tr,163,400,966,2281,6,1,4,213,5
td,163,400,739,2281,7,1,4,214,5
td,904,400,225,2281,7,1,1,215,5
h2,183,400,699,24,8,1,2,216,5
h2,925,400,184,25,11,1,2,217,5
h2,925,583,184,25,11,1,2,218,5
h2,925,834,184,25,11,1,2,219,5
h3,193,451,320,19,9,1,2,220,5
h3,533,451,320,19,9,1,2,221,5
h3,193,591,320,19,9,1,2,222,5
h3,533,591,320,19,9,1,2,223,5
h3,193,731,320,19,9,1,2,224,5
h3,533,731,320,19,9,1,2,225,5
h3,193,871,320,19,9,1,2,226,5
h3,533,871,320,19,9,1,2,227,5
h3,193,1011,320,19,9,1,2,228,5
h3,533,1011,320,19,9,1,2,229,5
h3,193,1151,320,19,9,1,2,230,5
h3,533,1151,320,19,9,1,2,231,5
h3,193,1291,320,19,9,1,2,232,5
h3,533,1291,320,19,9,1,2,233,5
h3,193,1431,320,19,9,1,2,234,5
h3,533,1431,320,19,9,1,2,235,5
h3,193,1571,320,19,9,1,2,236,5
h3,533,1571,320,19,9,1,2,237,5
h3,193,1711,320,19,9,1,2,238,5
h3,533,1711,320,19,9,1,2,239,5
h3,193,1851,320,19,9,1,2,240,5
h3,533,1851,320,19,9,1,2,241,5
h3,193,1991,320,19,9,1,2,242,5
h3,533,1991,320,19,9,1,2,243,5
h3,193,2131,320,19,9,1,2,244,5
h3,533,2131,320,19,9,1,2,245,5
h3,193,2271,320,19,9,1,2,246,5
h3,533,2271,320,19,9,1,2,247,5
h3,193,2411,320,19,9,1,2,248,5
h3,533,2411,320,19,9,1,2,249,5
h3,193,2551,320,19,9,1,2,250,5
h3,533,2551,320,19,9,1,2,251,5
center,925,400,184,489,8,1,1,252,5
span,623,2724,478,13,4,1,2,253,5
