body,0,0,1282,1059,1,1,3,1,12
div,151,0,980,1059,2,1,3,2,12
div,151,0,980,113,3,1,4,3,12
div,151,0,980,25,4,1,2,4,12
div,1008,10,103,15,5,1,2,5,12
div,970,25,161,54,4,1,2,6,12
div,970,59,161,20,6,1,2,7,12
div,499,113,632,231,3,1,4,8,12
div,151,344,980,34,3,1,2,9,12
div,151,378,1010,609,3,1,1,10,12
div,183,400,699,389,8,1,4,11,12
div,183,441,699,348,9,1,4,12,12
div,925,455,184,14,11,1,2,13,12
div,925,529,184,14,11,1,2,14,12
div,925,618,184,196,11,1,2,15,12
div,151,987,980,72,3,1,4,16,12
a,181,45,200,50,4,0,2,17,12
a,151,113,348,231,3,0,4,18,12
a,151,344,60,34,6,0,2,19,12
a,211,344,146,34,6,0,2,20,12
a,357,344,164,34,6,0,2,21,12
a,521,344,103,34,6,0,2,22,12
a,624,344,83,34,6,0,2,23,12
a,707,344,82,34,6,0,2,24,12
a,789,344,97,34,6,0,2,25,12
a,886,344,80,34,6,0,2,26,12
a,966,344,90,34,6,0,2,27,12
a,183,400,107,24,10,0,2,28,12
a,925,435,32,32,11,0,2,29,12
a,962,435,32,32,11,0,2,30,12
a,999,435,32,32,11,0,2,31,12
a,925,618,108,14,14,0,2,32,12
a,925,632,61,14,14,0,2,33,12
a,925,646,111,14,14,0,2,34,12
a,925,660,130,14,14,0,2,35,12
a,925,674,134,14,14,0,2,36,12
a,925,688,89,14,14,0,2,37,12
a,925,702,180,14,14,0,2,38,12
a,925,716,99,14,14,0,2,39,12
a,925,730,137,28,14,0,2,40,12
a,925,758,163,14,14,0,2,41,12
a,925,772,155,14,14,0,2,42,12
a,925,786,157,14,14,0,2,43,12
a,925,800,52,14,14,0,2,44,12
a,1035,1023,66,14,4,0,2,45,12
img,1092,10,19,15,7,0,2,46,12
img,499,113,62,231,4,0,2,47,12
img,925,509,174,50,13,0,2,48,12
img,925,869,174,86,12,0,2,49,12
form,970,59,161,20,5,0,2,50,12
input,970,59,110,20,7,0,2,51,12
input,1083,59,18,18,7,0,2,52,12
ul,183,467,699,322,10,1,4,53,12
ul,925,400,184,489,9,1,4,54,12
ul,925,618,184,196,12,1,2,55,12
li,151,344,60,34,5,1,2,56,12
li,211,344,146,34,5,1,2,57,12
li,357,344,164,34,5,1,2,58,12
li,521,344,103,34,5,1,2,59,12
li,624,344,83,34,5,1,2,60,12
li,707,344,82,34,5,1,2,61,12
li,789,344,97,34,5,1,2,62,12
li,886,344,80,34,5,1,2,63,12
li,966,344,90,34,5,1,2,64,12
li,223,467,659,14,11,1,2,65,12
li,223,481,659,14,11,1,2,66,12
li,223,495,659,28,11,1,2,67,12
li,223,523,659,14,11,1,2,68,12
li,223,537,659,14,11,1,2,69,12
li,223,551,659,14,11,1,2,70,12
li,223,565,659,14,11,1,2,71,12
li,223,579,659,14,11,1,2,72,12
li,223,593,659,14,11,1,2,73,12
li,223,607,659,14,11,1,2,74,12
li,223,621,659,14,11,1,2,75,12
li,223,635,659,14,11,1,2,76,12
li,223,649,659,14,11,1,2,77,12
li,223,663,659,14,11,1,2,78,12
li,223,677,659,14,11,1,2,79,12
li,223,691,659,14,11,1,2,80,12
li,223,705,659,14,11,1,2,81,12
li,223,719,659,14,11,1,2,82,12
li,223,733,659,14,11,1,2,83,12
li,223,747,659,14,11,1,2,84,12
li,223,761,659,14,11,1,2,85,12
li,223,775,659,14,11,1,2,86,12
li,925,400,184,55,10,1,2,87,12
li,925,455,184,34,10,1,2,88,12
li,925,489,184,20,10,1,2,89,12
li,925,509,184,20,10,1,2,90,12
li,925,529,184,34,10,1,2,91,12
li,925,563,184,20,10,1,2,92,12
li,925,583,184,251,10,1,4,93,12
li,925,618,184,14,13,1,2,94,12
li,925,632,184,14,13,1,2,95,12
li,925,646,184,14,13,1,2,96,12
li,925,660,184,14,13,1,2,97,12
li,925,674,184,14,13,1,2,98,12
li,925,688,184,14,13,1,2,99,12
li,925,702,184,14,13,1,2,100,12
li,925,716,184,14,13,1,2,101,12
li,925,730,184,28,13,1,2,102,12
li,925,758,184,14,13,1,2,103,12
li,925,772,184,14,13,1,2,104,12
li,925,786,184,14,13,1,2,105,12
li,925,800,184,14,13,1,2,106,12
li,925,834,184,55,10,1,2,107,12
table,161,398,970,569,4,1,1,108,12
tbody,163,400,966,565,5,1,1,109,12
tr,163,400,966,565,6,1,1,110,12
td,163,400,739,565,7,1,1,111,12
td,904,400,225,565,7,1,4,112,12
h2,183,400,699,24,9,1,2,113,12
h2,925,400,184,25,11,1,2,114,12
h2,925,583,184,25,11,1,2,115,12
h2,925,834,184,25,11,1,2,116,12
p,183,441,699,14,10,1,2,117,12
strong,223,467,92,14,12,1,2,118,12
strong,223,481,99,14,12,1,2,119,12
strong,223,495,158,14,12,1,2,120,12
strong,223,523,100,14,12,1,2,121,12
strong,223,537,93,14,12,1,2,122,12
strong,223,551,72,14,12,1,2,123,12
strong,223,565,72,14,12,1,2,124,12
strong,223,579,81,14,12,1,2,125,12
strong,223,593,142,14,12,1,2,126,12
strong,223,607,82,14,12,1,2,127,12
strong,223,621,87,14,12,1,2,128,12
strong,223,635,81,14,12,1,2,129,12
strong,223,649,73,14,12,1,2,130,12
strong,223,663,70,14,12,1,2,131,12
strong,223,677,79,14,12,1,2,132,12
strong,223,691,86,14,12,1,2,133,12
strong,223,705,98,14,12,1,2,134,12
strong,223,719,83,14,12,1,2,135,12
strong,223,733,68,14,12,1,2,136,12
strong,223,747,102,14,12,1,2,137,12
strong,223,761,78,14,12,1,2,138,12
strong,223,775,76,14,12,1,2,139,12
center,925,400,184,489,8,1,4,140,12
span,623,1008,478,13,4,1,2,141,12
