body,0,0,1282,1831,1,1,4,1,11
div,151,0,980,1831,2,1,4,2,11
div,151,0,980,113,3,1,2,3,11
div,151,0,980,25,4,1,3,4,11
div,1008,10,103,15,5,1,1,5,11
div,970,25,161,54,4,1,1,6,11
div,970,59,161,20,6,1,1,7,11
div,499,113,632,231,3,1,2,8,11
div,151,344,980,34,3,1,3,9,11
div,151,378,1010,1381,3,1,4,10,11
div,183,400,699,128,8,1,2,11,11
div,185,447,695,56,9,1,3,12,11
div,183,528,699,133,8,1,2,13,11
div,185,594,695,42,9,1,3,14,11
div,183,661,699,128,8,1,2,15,11
div,185,708,695,56,9,1,3,16,11
div,183,789,699,133,8,1,2,17,11
div,185,855,695,42,9,1,3,18,11
div,183,922,699,114,8,1,2,19,11
div,185,969,695,42,9,1,3,20,11
div,183,1036,699,147,8,1,2,21,11
div,185,1102,695,56,9,1,3,22,11
div,183,1183,699,133,8,1,2,23,11
div,185,1249,695,42,9,1,3,24,11
div,183,1316,699,133,8,1,2,25,11
div,185,1382,695,42,9,1,3,26,11
div,183,1449,699,128,8,1,2,27,11
div,185,1496,695,56,9,1,3,28,11
div,183,1577,699,114,8,1,2,29,11
div,185,1624,695,42,9,1,3,30,11
div,925,455,184,14,11,1,1,31,11
div,925,529,184,14,11,1,1,32,11
div,925,618,184,196,11,1,3,33,11
div,151,1759,980,72,3,1,2,34,11
a,181,45,200,50,4,0,1,35,11
a,151,113,348,231,3,0,2,36,11
a,151,344,60,34,6,0,1,37,11
a,211,344,146,34,6,0,1,38,11
a,357,344,164,34,6,0,1,39,11
a,521,344,103,34,6,0,1,40,11
a,624,344,83,34,6,0,1,41,11
a,707,344,82,34,6,0,1,42,11
a,789,344,97,34,6,0,1,43,11
a,886,344,80,34,6,0,1,44,11
a,966,344,90,34,6,0,1,45,11
a,271,412,524,19,10,0,1,46,11
a,271,540,530,38,10,0,3,47,11
a,271,673,355,19,10,0,1,48,11
a,271,801,502,38,10,0,3,49,11
a,271,934,306,19,10,0,1,50,11
a,271,1048,565,38,10,0,3,51,11
a,271,1195,564,38,10,0,3,52,11
a,271,1328,541,38,10,0,3,53,11
a,271,1461,583,19,10,0,1,54,11
a,271,1589,234,19,10,0,1,55,11
a,925,435,32,32,11,0,1,56,11
a,962,435,32,32,11,0,1,57,11
a,999,435,32,32,11,0,1,58,11
a,925,618,108,14,14,0,1,59,11
a,925,632,61,14,14,0,1,60,11
a,925,646,111,14,14,0,1,61,11
a,925,660,130,14,14,0,1,62,11
a,925,674,134,14,14,0,1,63,11
a,925,688,89,14,14,0,1,64,11
a,925,702,180,14,14,0,1,65,11
a,925,716,99,14,14,0,1,66,11
a,925,730,137,28,14,0,1,67,11
a,925,758,163,14,14,0,1,68,11
a,925,772,155,14,14,0,1,69,11
a,925,786,157,14,14,0,1,70,11
a,925,800,52,14,14,0,1,71,11
a,1035,1795,66,14,4,0,1,72,11
img,1092,10,19,15,7,0,1,73,11
img,499,113,62,231,4,0,3,74,11
img,185,412,76,76,10,0,1,75,11
img,185,540,76,76,10,0,1,76,11
img,185,673,76,76,10,0,1,77,11
img,185,801,76,76,10,0,1,78,11
img,185,934,76,76,10,0,1,79,11
img,185,1048,76,76,10,0,1,80,11
img,185,1195,76,76,10,0,1,81,11
img,185,1328,76,76,10,0,1,82,11
img,185,1461,76,76,10,0,1,83,11
img,185,1589,76,76,10,0,1,84,11
img,925,509,174,50,13,0,1,85,11
img,925,869,174,86,12,0,3,86,11
form,970,59,161,20,5,0,1,87,11
input,970,59,110,20,7,0,1,88,11
input,1083,59,18,18,7,0,1,89,11
ul,925,400,184,489,9,1,2,90,11
ul,925,618,184,196,12,1,3,91,11
li,151,344,60,34,5,1,1,92,11
li,211,344,146,34,5,1,1,93,11
li,357,344,164,34,5,1,1,94,11
li,521,344,103,34,5,1,1,95,11
li,624,344,83,34,5,1,1,96,11
li,707,344,82,34,5,1,1,97,11
li,789,344,97,34,5,1,1,98,11
li,886,344,80,34,5,1,1,99,11
li,966,344,90,34,5,1,1,100,11
li,925,400,184,55,10,1,1,101,11
li,925,455,184,34,10,1,1,102,11
li,925,489,184,20,10,1,1,103,11
li,925,509,184,20,10,1,1,104,11
li,925,529,184,34,10,1,1,105,11
li,925,563,184,20,10,1,1,106,11
li,925,583,184,251,10,1,3,107,11
li,925,618,184,14,13,1,1,108,11
li,925,632,184,14,13,1,1,109,11
li,925,646,184,14,13,1,1,110,11
li,925,660,184,14,13,1,1,111,11
li,925,674,184,14,13,1,1,112,11
li,925,688,184,14,13,1,1,113,11
li,925,702,184,14,13,1,1,114,11
li,925,716,184,14,13,1,1,115,11
li,925,730,184,28,13,1,1,116,11
li,925,758,184,14,13,1,1,117,11
li,925,772,184,14,13,1,1,118,11
li,925,786,184,14,13,1,1,119,11
li,925,800,184,14,13,1,1,120,11
li,925,834,184,55,10,1,1,121,11
table,161,398,970,1341,4,1,4,122,11
tbody,163,400,966,1337,5,1,4,123,11
tr,163,400,966,1337,6,1,4,124,11
td,163,400,739,1337,7,1,4,125,11
td,904,400,225,1337,7,1,2,126,11
h3,185,412,695,19,9,1,3,127,11
h3,185,540,695,38,9,1,3,128,11
h3,185,673,695,19,9,1,3,129,11
h3,185,801,695,38,9,1,3,130,11
h3,185,934,695,19,9,1,3,131,11
h3,185,1048,695,38,9,1,3,132,11
h3,185,1195,695,38,9,1,3,133,11
h3,185,1328,695,38,9,1,3,134,11
h3,185,1461,695,19,9,1,3,135,11
h3,185,1589,695,19,9,1,3,136,11
p,185,447,695,56,10,1,3,137,11
p,185,594,695,42,10,1,3,138,11
p,185,708,695,56,10,1,3,139,11
p,185,855,695,42,10,1,3,140,11
p,185,969,695,42,10,1,3,141,11
p,185,1102,695,56,10,1,3,142,11
p,185,1249,695,42,10,1,3,143,11
p,185,1382,695,42,10,1,3,144,11
p,185,1496,695,56,10,1,3,145,11
p,185,1624,695,42,10,1,3,146,11
span,183,1711,170,26,9,1,1,147,11
span,712,1711,170,26,9,1,1,148,11
span,623,1780,478,13,4,1,1,149,11
center,925,400,184,489,8,1,2,150,11
h2,925,400,184,25,11,1,1,151,11
h2,925,583,184,25,11,1,1,152,11
h2,925,834,184,25,11,1,1,153,11
