body,0,0,1282,1059,1,1,1,13
div,151,0,980,1059,2,1,2,13
div,151,0,980,113,3,1,3,13
div,151,0,980,25,4,1,4,13
div,1008,10,103,15,5,1,5,13
div,970,25,161,54,4,1,6,13
div,970,59,161,20,6,1,7,13
div,499,113,632,231,3,1,8,13
div,151,344,980,34,3,1,9,13
div,151,378,1010,609,3,1,10,13
div,183,400,699,505,8,1,11,13
div,183,441,699,464,9,1,12,13
div,925,455,184,14,11,1,13,13
div,925,529,184,14,11,1,14,13
div,925,618,184,196,11,1,15,13
div,151,987,980,72,3,1,16,13
a,181,45,200,50,4,0,17,13
a,151,113,348,231,3,0,18,13
a,151,344,60,34,6,0,19,13
a,211,344,146,34,6,0,20,13
a,357,344,164,34,6,0,21,13
a,521,344,103,34,6,0,22,13
a,624,344,83,34,6,0,23,13
a,707,344,82,34,6,0,24,13
a,789,344,97,34,6,0,25,13
a,886,344,80,34,6,0,26,13
a,966,344,90,34,6,0,27,13
a,183,400,175,24,10,0,28,13
a,183,893,91,12,12,0,29,13
a,925,435,32,32,11,0,30,13
a,962,435,32,32,11,0,31,13
a,999,435,32,32,11,0,32,13
a,925,618,108,14,14,0,33,13
a,925,632,61,14,14,0,34,13
a,925,646,111,14,14,0,35,13
a,925,660,130,14,14,0,36,13
a,925,674,134,14,14,0,37,13
a,925,688,89,14,14,0,38,13
a,925,702,180,14,14,0,39,13
a,925,716,99,14,14,0,40,13
a,925,730,137,28,14,0,41,13
a,925,758,163,14,14,0,42,13
a,925,772,155,14,14,0,43,13
a,925,786,157,14,14,0,44,13
a,925,800,52,14,14,0,45,13
a,1035,1023,66,14,4,0,46,13
img,1092,10,19,15,7,0,47,13
img,499,113,62,231,4,0,48,13
img,925,509,174,50,13,0,49,13
img,925,869,174,86,12,0,50,13
form,970,59,161,20,5,0,51,13
input,970,59,110,20,7,0,52,13
input,1083,59,18,18,7,0,53,13
ul,925,400,184,489,9,1,54,13
ul,925,618,184,196,12,1,55,13
li,151,344,60,34,5,1,56,13
li,211,344,146,34,5,1,57,13
li,357,344,164,34,5,1,58,13
li,521,344,103,34,5,1,59,13
li,624,344,83,34,5,1,60,13
li,707,344,82,34,5,1,61,13
li,789,344,97,34,5,1,62,13
li,886,344,80,34,5,1,63,13
li,966,344,90,34,5,1,64,13
li,925,400,184,55,10,1,65,13
li,925,455,184,34,10,1,66,13
li,925,489,184,20,10,1,67,13
li,925,509,184,20,10,1,68,13
li,925,529,184,34,10,1,69,13
li,925,563,184,20,10,1,70,13
li,925,583,184,251,10,1,71,13
li,925,618,184,14,13,1,72,13
li,925,632,184,14,13,1,73,13
li,925,646,184,14,13,1,74,13
li,925,660,184,14,13,1,75,13
li,925,674,184,14,13,1,76,13
li,925,688,184,14,13,1,77,13
li,925,702,184,14,13,1,78,13
li,925,716,184,14,13,1,79,13
li,925,730,184,28,13,1,80,13
li,925,758,184,14,13,1,81,13
li,925,772,184,14,13,1,82,13
li,925,786,184,14,13,1,83,13
li,925,800,184,14,13,1,84,13
li,925,834,184,55,10,1,85,13
table,161,398,970,569,4,1,86,13
tbody,163,400,966,565,5,1,87,13
tr,163,400,966,565,6,1,88,13
td,163,400,739,565,7,1,89,13
td,904,400,225,565,7,1,90,13
h2,183,400,699,24,9,1,91,13
h2,183,441,699,19,10,1,92,13
h2,925,400,184,25,11,1,93,13
h2,925,583,184,25,11,1,94,13
h2,925,834,184,25,11,1,95,13
p,183,473,699,432,10,1,96,13
iframe,183,473,695,420,11,0,97,13
small,183,893,91,12,11,1,98,13
center,925,400,184,489,8,1,99,13
span,623,1008,478,13,4,1,100,13
