body,0,0,1282,1254,1,1,1,28
div,151,0,980,1254,2,1,2,28
div,151,0,980,113,3,1,3,28
div,151,0,980,25,4,1,4,28
div,1008,10,103,15,5,1,5,28
div,970,25,161,54,4,1,6,28
div,970,59,161,20,6,1,7,28
div,499,113,632,231,3,1,8,28
div,151,344,980,34,3,1,9,28
div,151,378,1010,804,3,1,10,28
div,183,400,599,740,8,1,11,28
div,183,441,599,699,9,1,12,28
div,151,1182,980,72,3,1,13,28
a,181,45,200,50,4,0,14,28
a,151,113,348,231,3,0,15,28
a,151,344,60,34,6,0,16,28
a,211,344,146,34,6,0,17,28
a,357,344,164,34,6,0,18,28
a,521,344,103,34,6,0,19,28
a,624,344,83,34,6,0,20,28
a,707,344,82,34,6,0,21,28
a,789,344,97,34,6,0,22,28
a,886,344,80,34,6,0,23,28
a,966,344,90,34,6,0,24,28
a,183,400,105,24,10,0,25,28
a,183,441,153,19,11,0,26,28
a,953,573,65,14,13,0,27,28
a,933,752,65,14,13,0,28,28
a,902,931,65,14,13,0,29,28
a,1035,1217,66,14,4,0,30,28
img,1092,10,19,15,7,0,31,28
img,499,113,62,231,4,0,32,28
img,183,618,40,34,14,0,33,28
img,183,676,40,34,14,0,34,28
img,183,734,40,34,14,0,35,28
img,183,792,40,34,14,0,36,28
img,183,850,40,34,14,0,37,28
img,183,908,40,34,14,0,38,28
img,183,966,40,34,14,0,39,28
img,183,1024,40,34,14,0,40,28
img,183,1082,40,34,14,0,41,28
img,827,447,100,100,13,0,42,28
img,827,612,100,100,13,0,43,28
img,827,791,100,100,13,0,44,28
form,970,59,161,20,5,0,45,28
input,970,59,110,20,7,0,46,28
input,1083,59,18,18,7,0,47,28
ul,825,400,274,578,9,1,48,28
ul,825,435,274,523,11,1,49,28
li,151,344,60,34,5,1,50,28
li,211,344,146,34,5,1,51,28
li,357,344,164,34,5,1,52,28
li,521,344,103,34,5,1,53,28
li,624,344,83,34,5,1,54,28
li,707,344,82,34,5,1,55,28
li,789,344,97,34,5,1,56,28
li,886,344,80,34,5,1,57,28
li,966,344,90,34,5,1,58,28
li,825,400,274,578,10,1,59,28
li,825,435,274,165,12,1,60,28
li,825,600,274,179,12,1,61,28
li,825,779,274,179,12,1,62,28
table,161,398,960,764,4,1,63,28
table,183,618,485,522,10,1,64,28
tbody,163,400,956,760,5,1,65,28
tbody,183,618,485,522,11,1,66,28
tr,163,400,956,760,6,1,67,28
tr,183,618,485,58,12,1,68,28
tr,183,676,485,58,12,1,69,28
tr,183,734,485,58,12,1,70,28
tr,183,792,485,58,12,1,71,28
tr,183,850,485,58,12,1,72,28
tr,183,908,485,58,12,1,73,28
tr,183,966,485,58,12,1,74,28
tr,183,1024,485,58,12,1,75,28
tr,183,1082,485,58,12,1,76,28
td,163,400,639,760,7,1,77,28
td,183,618,485,58,13,1,78,28
td,183,676,485,58,13,1,79,28
td,183,734,485,58,13,1,80,28
td,183,792,485,58,13,1,81,28
td,183,850,485,58,13,1,82,28
td,183,908,485,58,13,1,83,28
td,183,966,485,58,13,1,84,28
td,183,1024,485,58,13,1,85,28
td,183,1082,485,58,13,1,86,28
td,804,400,315,760,7,1,87,28
h2,183,400,599,24,9,1,88,28
h2,183,441,599,19,10,1,89,28
h2,825,400,274,25,11,1,90,28
p,183,504,599,42,10,0,91,28
p,183,558,599,14,10,0,92,28
p,183,584,599,14,10,0,93,28
h3,183,474,599,16,10,1,94,28
strong,233,618,33,14,14,1,95,28
strong,233,676,156,14,14,1,96,28
strong,233,734,130,14,14,1,97,28
strong,233,792,150,14,14,1,98,28
strong,233,850,131,14,14,1,99,28
strong,233,908,127,14,14,1,100,28
strong,233,966,110,14,14,1,101,28
strong,233,1024,99,14,14,1,102,28
strong,233,1082,160,14,14,1,103,28
strong,937,447,83,14,13,1,104,28
strong,937,612,77,14,13,1,105,28
strong,937,791,80,14,13,1,106,28
center,825,400,274,578,8,1,107,28
span,623,1203,478,13,4,1,108,28
