body,0,0,1282,1058,1,1,1,27
div,151,0,980,1058,2,1,2,27
div,151,0,980,113,3,1,3,27
div,151,0,980,25,4,1,4,27
div,1008,10,103,15,5,1,5,27
div,970,25,161,54,4,1,6,27
div,970,59,161,20,6,1,7,27
div,499,113,632,231,3,1,8,27
div,151,344,980,34,3,1,9,27
div,151,378,1010,608,3,1,10,27
div,183,400,599,213,8,1,11,27
div,183,441,599,172,9,1,12,27
div,151,986,980,72,3,1,13,27
a,181,45,200,50,4,0,14,27
a,151,113,348,231,3,0,15,27
a,151,344,60,34,6,0,16,27
a,211,344,146,34,6,0,17,27
a,357,344,164,34,6,0,18,27
a,521,344,103,34,6,0,19,27
a,624,344,83,34,6,0,20,27
a,707,344,82,34,6,0,21,27
a,789,344,97,34,6,0,22,27
a,886,344,80,34,6,0,23,27
a,966,344,90,34,6,0,24,27
a,183,400,247,24,10,0,25,27
a,183,602,174,11,11,0,26,27
a,183,681,87,11,8,0,27,27
a,273,681,87,11,8,0,28,27
a,363,681,87,11,8,0,29,27
a,453,681,87,11,8,0,30,27
a,665,666,117,26,8,0,31,27
a,953,573,65,14,13,0,32,27
a,977,752,65,14,13,0,33,27
a,830,917,65,14,13,0,34,27
a,1035,1022,66,14,4,0,35,27
img,1092,10,19,15,7,0,36,27
img,499,113,62,231,4,0,37,27
img,183,563,174,50,12,0,38,27
img,183,666,87,26,9,0,39,27
img,273,666,87,26,9,0,40,27
img,363,666,87,26,9,0,41,27
img,453,666,87,26,9,0,42,27
img,665,666,117,26,9,0,43,27
img,827,447,100,100,13,0,44,27
img,827,612,100,100,13,0,45,27
img,827,791,100,100,13,0,46,27
form,970,59,161,20,5,0,47,27
input,970,59,110,20,7,0,48,27
input,1083,59,18,18,7,0,49,27
ul,825,400,274,564,9,1,50,27
ul,825,435,274,509,11,1,51,27
li,151,344,60,34,5,1,52,27
li,211,344,146,34,5,1,53,27
li,357,344,164,34,5,1,54,27
li,521,344,103,34,5,1,55,27
li,624,344,83,34,5,1,56,27
li,707,344,82,34,5,1,57,27
li,789,344,97,34,5,1,58,27
li,886,344,80,34,5,1,59,27
li,966,344,90,34,5,1,60,27
li,825,400,274,564,10,1,61,27
li,825,435,274,165,12,1,62,27
li,825,600,274,179,12,1,63,27
li,825,779,274,165,12,1,64,27
table,161,398,960,568,4,1,65,27
tbody,163,400,956,564,5,1,66,27
tr,163,400,956,564,6,1,67,27
td,163,400,639,564,7,1,68,27
td,804,400,315,564,7,1,69,27
h2,183,400,599,24,9,1,70,27
h2,825,400,274,25,11,1,71,27
p,183,441,599,42,10,1,72,27
p,183,495,599,56,10,1,73,27
p,183,563,599,50,10,1,74,27
hr,183,645,599,1,8,0,75,27
center,825,400,274,564,8,1,76,27
strong,937,447,83,14,13,1,77,27
strong,937,612,90,14,13,1,78,27
strong,937,791,81,14,13,1,79,27
span,623,1007,478,13,4,1,80,27
