body,0,0,1282,1344,1,1,1,9
div,151,0,980,1344,2,1,2,9
div,151,0,980,113,3,1,3,9
div,151,0,980,25,4,1,4,9
div,1008,10,103,15,5,1,5,9
div,970,25,161,54,4,1,6,9
div,970,59,161,20,6,1,7,9
div,499,113,632,231,3,1,8,9
div,151,344,980,34,3,1,9,9
div,151,378,1010,894,3,1,10,9
div,183,400,699,838,8,1,11,9
div,183,441,699,797,9,1,12,9
div,925,455,184,14,11,1,13,9
div,925,529,184,14,11,1,14,9
div,925,618,184,196,11,1,15,9
div,151,1272,980,72,3,1,16,9
a,181,45,200,50,4,0,17,9
a,151,113,348,231,3,0,18,9
a,151,344,60,34,6,0,19,9
a,211,344,146,34,6,0,20,9
a,357,344,164,34,6,0,21,9
a,521,344,103,34,6,0,22,9
a,624,344,83,34,6,0,23,9
a,707,344,82,34,6,0,24,9
a,789,344,97,34,6,0,25,9
a,886,344,80,34,6,0,26,9
a,966,344,90,34,6,0,27,9
a,183,400,209,24,10,0,28,9
a,925,435,32,32,11,0,29,9
a,962,435,32,32,11,0,30,9
a,999,435,32,32,11,0,31,9
a,925,618,108,14,14,0,32,9
a,925,632,61,14,14,0,33,9
a,925,646,111,14,14,0,34,9
a,925,660,130,14,14,0,35,9
a,925,674,134,14,14,0,36,9
a,925,688,89,14,14,0,37,9
a,925,702,180,14,14,0,38,9
a,925,716,99,14,14,0,39,9
a,925,730,137,28,14,0,40,9
a,925,758,163,14,14,0,41,9
a,925,772,155,14,14,0,42,9
a,925,786,157,14,14,0,43,9
a,925,800,52,14,14,0,44,9
a,1035,1307,66,14,4,0,45,9
img,1092,10,19,15,7,0,46,9
img,499,113,62,231,4,0,47,9
img,925,509,174,50,13,0,48,9
img,925,869,174,86,12,0,49,9
form,970,59,161,20,5,0,50,9
input,970,59,110,20,7,0,51,9
input,1083,59,18,18,7,0,52,9
ul,925,400,184,489,9,1,53,9
ul,925,618,184,196,12,1,54,9
li,151,344,60,34,5,1,55,9
li,211,344,146,34,5,1,56,9
li,357,344,164,34,5,1,57,9
li,521,344,103,34,5,1,58,9
li,624,344,83,34,5,1,59,9
li,707,344,82,34,5,1,60,9
li,789,344,97,34,5,1,61,9
li,886,344,80,34,5,1,62,9
li,966,344,90,34,5,1,63,9
li,925,400,184,55,10,1,64,9
li,925,455,184,34,10,1,65,9
li,925,489,184,20,10,1,66,9
li,925,509,184,20,10,1,67,9
li,925,529,184,34,10,1,68,9
li,925,563,184,20,10,1,69,9
li,925,583,184,251,10,1,70,9
li,925,618,184,14,13,1,71,9
li,925,632,184,14,13,1,72,9
li,925,646,184,14,13,1,73,9
li,925,660,184,14,13,1,74,9
li,925,674,184,14,13,1,75,9
li,925,688,184,14,13,1,76,9
li,925,702,184,14,13,1,77,9
li,925,716,184,14,13,1,78,9
li,925,730,184,28,13,1,79,9
li,925,758,184,14,13,1,80,9
li,925,772,184,14,13,1,81,9
li,925,786,184,14,13,1,82,9
li,925,800,184,14,13,1,83,9
li,925,834,184,55,10,1,84,9
table,161,398,970,854,4,1,85,9
tbody,163,400,966,850,5,1,86,9
tr,163,400,966,850,6,1,87,9
td,163,400,739,850,7,1,88,9
td,904,400,225,850,7,1,89,9
h2,183,400,699,24,9,1,90,9
h2,183,441,699,19,10,1,91,9
h2,183,542,699,19,10,1,92,9
h2,183,644,699,19,10,1,93,9
h2,183,745,699,19,10,1,94,9
h2,183,847,699,19,10,1,95,9
h2,183,948,699,19,10,1,96,9
h2,183,1050,699,19,10,1,97,9
h2,183,1138,699,19,10,1,98,9
h2,925,400,184,25,11,1,99,9
h2,925,583,184,25,11,1,100,9
h2,925,834,184,25,11,1,101,9
h4,183,473,699,14,10,1,102,9
h4,183,487,699,14,10,1,103,9
h4,183,501,699,14,10,1,104,9
h4,183,515,699,14,10,1,105,9
h4,183,574,699,14,10,1,106,9
h4,183,588,699,14,10,1,107,9
h4,183,602,699,14,10,1,108,9
h4,183,616,699,14,10,1,109,9
h4,183,676,699,14,10,1,110,9
h4,183,690,699,14,10,1,111,9
h4,183,704,699,14,10,1,112,9
h4,183,718,699,14,10,1,113,9
h4,183,778,699,14,10,1,114,9
h4,183,792,699,14,10,1,115,9
h4,183,806,699,14,10,1,116,9
h4,183,820,699,14,10,1,117,9
h4,183,879,699,14,10,1,118,9
h4,183,893,699,14,10,1,119,9
h4,183,907,699,14,10,1,120,9
h4,183,921,699,14,10,1,121,9
h4,183,981,699,14,10,1,122,9
h4,183,995,699,14,10,1,123,9
h4,183,1009,699,14,10,1,124,9
h4,183,1023,699,14,10,1,125,9
h4,183,1082,699,14,10,1,126,9
h4,183,1096,699,14,10,1,127,9
h4,183,1110,699,14,10,1,128,9
h4,183,1170,699,14,10,1,129,9
h4,183,1184,699,14,10,1,130,9
h4,183,1198,699,14,10,1,131,9
p,183,1224,699,14,10,1,132,9
center,925,400,184,489,8,1,133,9
span,623,1293,478,13,4,1,134,9
