body,0,0,1282,1059,1,1,1,8
div,151,0,980,1059,2,1,2,8
div,151,0,980,113,3,1,3,8
div,151,0,980,25,4,1,4,8
div,1008,10,103,15,5,1,5,8
div,970,25,161,54,4,1,6,8
div,970,59,161,20,6,1,7,8
div,499,113,632,231,3,1,8,8
div,151,344,980,34,3,1,9,8
div,151,378,1010,609,3,1,10,8
div,183,400,699,521,8,1,11,8
div,183,441,699,480,9,1,12,8
div,925,455,184,14,11,1,13,8
div,925,529,184,14,11,1,14,8
div,925,618,184,196,11,1,15,8
div,151,987,980,72,3,1,16,8
a,181,45,200,50,4,0,17,8
a,151,113,348,231,3,0,18,8
a,151,344,60,34,6,0,19,8
a,211,344,146,34,6,0,20,8
a,357,344,164,34,6,0,21,8
a,521,344,103,34,6,0,22,8
a,624,344,83,34,6,0,23,8
a,707,344,82,34,6,0,24,8
a,789,344,97,34,6,0,25,8
a,886,344,80,34,6,0,26,8
a,966,344,90,34,6,0,27,8
a,183,400,181,24,10,0,28,8
a,925,435,32,32,11,0,29,8
a,962,435,32,32,11,0,30,8
a,999,435,32,32,11,0,31,8
a,925,618,108,14,14,0,32,8
a,925,632,61,14,14,0,33,8
a,925,646,111,14,14,0,34,8
a,925,660,130,14,14,0,35,8
a,925,674,134,14,14,0,36,8
a,925,688,89,14,14,0,37,8
a,925,702,180,14,14,0,38,8
a,925,716,99,14,14,0,39,8
a,925,730,137,28,14,0,40,8
a,925,758,163,14,14,0,41,8
a,925,772,155,14,14,0,42,8
a,925,786,157,14,14,0,43,8
a,925,800,52,14,14,0,44,8
a,1035,1023,66,14,4,0,45,8
img,1092,10,19,15,7,0,46,8
img,499,113,62,231,4,0,47,8
img,682,605,200,150,12,0,48,8
img,925,509,174,50,13,0,49,8
img,925,869,174,86,12,0,50,8
form,970,59,161,20,5,0,51,8
input,970,59,110,20,7,0,52,8
input,1083,59,18,18,7,0,53,8
ul,925,400,184,489,9,1,54,8
ul,925,618,184,196,12,1,55,8
li,151,344,60,34,5,1,56,8
li,211,344,146,34,5,1,57,8
li,357,344,164,34,5,1,58,8
li,521,344,103,34,5,1,59,8
li,624,344,83,34,5,1,60,8
li,707,344,82,34,5,1,61,8
li,789,344,97,34,5,1,62,8
li,886,344,80,34,5,1,63,8
li,966,344,90,34,5,1,64,8
li,925,400,184,55,10,1,65,8
li,925,455,184,34,10,1,66,8
li,925,489,184,20,10,1,67,8
li,925,509,184,20,10,1,68,8
li,925,529,184,34,10,1,69,8
li,925,563,184,20,10,1,70,8
li,925,583,184,251,10,1,71,8
li,925,618,184,14,13,1,72,8
li,925,632,184,14,13,1,73,8
li,925,646,184,14,13,1,74,8
li,925,660,184,14,13,1,75,8
li,925,674,184,14,13,1,76,8
li,925,688,184,14,13,1,77,8
li,925,702,184,14,13,1,78,8
li,925,716,184,14,13,1,79,8
li,925,730,184,28,13,1,80,8
li,925,758,184,14,13,1,81,8
li,925,772,184,14,13,1,82,8
li,925,786,184,14,13,1,83,8
li,925,800,184,14,13,1,84,8
li,925,834,184,55,10,1,85,8
table,161,398,970,569,4,1,86,8
tbody,163,400,966,565,5,1,87,8
tr,163,400,966,565,6,1,88,8
td,163,400,739,565,7,1,89,8
td,904,400,225,565,7,1,90,8
h2,183,400,699,24,9,1,91,8
h2,925,400,184,25,11,1,92,8
h2,925,583,184,25,11,1,93,8
h2,925,834,184,25,11,1,94,8
h3,183,441,699,16,10,1,95,8
h3,183,877,699,16,10,1,96,8
p,183,471,699,28,10,1,97,8
p,183,511,699,42,10,1,98,8
p,183,565,699,28,10,1,99,8
p,183,605,699,56,10,1,100,8
p,183,673,699,42,10,1,101,8
p,183,727,699,56,10,1,102,8
p,183,795,699,28,10,1,103,8
p,183,835,699,28,10,1,104,8
p,183,907,699,14,10,1,105,8
strong,183,511,154,14,11,1,106,8
strong,183,605,99,14,11,1,107,8
strong,183,673,133,14,11,1,108,8
strong,183,727,139,14,11,1,109,8
strong,183,795,120,14,11,1,110,8
strong,183,835,435,14,11,1,111,8
center,925,400,184,489,8,1,112,8
span,623,1008,478,13,4,1,113,8
