body,0,0,1282,1266,1,1,1,21
div,151,0,980,1266,2,1,2,21
div,151,0,980,113,3,1,3,21
div,151,0,980,25,4,1,4,21
div,1008,10,103,15,5,1,5,21
div,970,25,161,54,4,1,6,21
div,970,59,161,20,6,1,7,21
div,499,113,632,231,3,1,8,21
div,151,344,980,34,3,1,9,21
div,151,378,1010,816,3,1,10,21
div,183,400,599,762,8,1,11,21
div,183,441,599,722,9,1,12,21
div,183,673,587,489,10,1,13,21
div,183,673,587,424,12,1,14,21
div,183,673,587,29,15,1,15,21
div,183,716,587,29,15,1,16,21
div,183,759,587,29,15,1,17,21
div,183,802,587,29,15,1,18,21
div,183,845,587,29,15,1,19,21
div,183,888,587,29,15,1,20,21
div,183,931,587,166,15,1,21,21
div,183,1113,587,49,12,1,22,21
div,151,1194,980,72,3,1,23,21
a,181,45,200,50,4,0,24,21
a,151,113,348,231,3,0,25,21
a,151,344,60,34,6,0,26,21
a,211,344,146,34,6,0,27,21
a,357,344,164,34,6,0,28,21
a,521,344,103,34,6,0,29,21
a,624,344,83,34,6,0,30,21
a,707,344,82,34,6,0,31,21
a,789,344,97,34,6,0,32,21
a,886,344,80,34,6,0,33,21
a,966,344,90,34,6,0,34,21
a,183,400,111,24,10,0,35,21
a,222,549,97,14,11,0,36,21
a,887,601,65,14,13,0,37,21
a,854,780,65,14,13,0,38,21
a,909,959,65,14,13,0,39,21
a,1035,1230,66,14,4,0,40,21
img,1092,10,19,15,7,0,41,21
img,499,113,62,231,4,0,42,21
img,827,447,100,100,13,0,43,21
img,827,640,100,100,13,0,44,21
img,827,819,100,100,13,0,45,21
form,970,59,161,20,5,0,46,21
form,183,673,587,489,11,0,47,21
input,970,59,110,20,7,0,48,21
input,1083,59,18,18,7,0,49,21
input,368,673,215,29,16,0,50,21
input,368,716,215,29,16,0,51,21
input,368,759,215,29,16,0,52,21
input,368,802,215,29,16,0,53,21
input,368,845,215,29,16,0,54,21
input,368,888,215,29,16,0,55,21
input,365,1129,58,23,13,0,56,21
ul,183,673,587,424,13,1,57,21
ul,825,400,274,606,9,1,58,21
ul,825,435,274,551,11,1,59,21
li,151,344,60,34,5,1,60,21
li,211,344,146,34,5,1,61,21
li,357,344,164,34,5,1,62,21
li,521,344,103,34,5,1,63,21
li,624,344,83,34,5,1,64,21
li,707,344,82,34,5,1,65,21
li,789,344,97,34,5,1,66,21
li,886,344,80,34,5,1,67,21
li,966,344,90,34,5,1,68,21
li,183,673,587,29,14,1,69,21
li,183,716,587,29,14,1,70,21
li,183,759,587,29,14,1,71,21
li,183,802,587,29,14,1,72,21
li,183,845,587,29,14,1,73,21
li,183,888,587,29,14,1,74,21
li,183,931,587,166,14,1,75,21
li,825,400,274,606,10,1,76,21
li,825,435,274,193,12,1,77,21
li,825,628,274,179,12,1,78,21
li,825,807,274,179,12,1,79,21
table,161,398,960,776,4,1,80,21
tbody,163,400,956,772,5,1,81,21
tr,163,400,956,772,6,1,82,21
td,163,400,639,772,7,1,83,21
td,804,400,315,772,7,1,84,21
h2,183,400,599,24,9,1,85,21
h2,183,615,599,19,10,1,86,21
h2,825,400,274,25,11,1,87,21
p,183,441,599,42,10,1,88,21
p,183,495,599,42,10,1,89,21
p,183,549,599,14,10,1,90,21
p,183,575,599,14,10,1,91,21
p,183,647,599,14,10,1,92,21
strong,183,441,102,14,11,1,93,21
strong,183,495,127,14,11,1,94,21
strong,183,549,36,14,11,1,95,21
strong,937,447,70,14,13,1,96,21
strong,937,640,83,14,13,1,97,21
strong,937,819,112,14,13,1,98,21
span,183,575,4,14,11,1,99,21
span,183,647,7,14,11,1,100,21
span,348,673,5,14,16,1,101,21
span,348,716,5,14,16,1,102,21
span,348,759,5,14,16,1,103,21
span,348,802,5,14,16,1,104,21
span,348,845,5,14,16,1,105,21
span,348,888,5,14,16,1,106,21
span,623,1215,478,13,4,1,107,21
hr,183,601,599,1,10,0,108,21
label,183,673,170,14,15,1,109,21
label,183,716,170,14,15,1,110,21
label,183,759,170,14,15,1,111,21
label,183,802,170,14,15,1,112,21
label,183,845,170,14,15,1,113,21
label,183,888,170,14,15,1,114,21
label,183,931,170,14,15,1,115,21
textarea,368,932,380,164,16,0,116,21
center,825,400,274,606,8,1,117,21
