body,0,0,1282,1193,1,1,1,22
div,151,0,980,1193,2,1,2,22
div,151,0,980,113,3,1,3,22
div,151,0,980,25,4,1,4,22
div,1008,10,103,15,5,1,5,22
div,970,25,161,54,4,1,6,22
div,970,59,161,20,6,1,7,22
div,499,113,632,231,3,1,8,22
div,151,344,980,34,3,1,9,22
div,151,378,1010,743,3,1,10,22
div,183,400,599,679,8,1,11,22
div,183,441,599,638,9,1,12,22
div,151,1121,980,72,3,1,13,22
a,181,45,200,50,4,0,14,22
a,151,113,348,231,3,0,15,22
a,151,344,60,34,6,0,16,22
a,211,344,146,34,6,0,17,22
a,357,344,164,34,6,0,18,22
a,521,344,103,34,6,0,19,22
a,624,344,83,34,6,0,20,22
a,707,344,82,34,6,0,21,22
a,789,344,97,34,6,0,22,22
a,886,344,80,34,6,0,23,22
a,966,344,90,34,6,0,24,22
a,183,400,160,24,10,0,25,22
a,830,573,65,14,13,0,26,22
a,887,766,65,14,13,0,27,22
a,902,945,65,14,13,0,28,22
a,1035,1156,66,14,4,0,29,22
img,1092,10,19,15,7,0,30,22
img,499,113,62,231,4,0,31,22
img,186,492,60,70,15,0,32,22
img,186,576,60,70,15,0,33,22
img,186,660,60,70,15,0,34,22
img,186,744,60,70,15,0,35,22
img,186,828,60,70,15,0,36,22
img,186,912,60,70,15,0,37,22
img,186,996,60,70,15,0,38,22
img,827,447,100,100,13,0,39,22
img,827,612,100,100,13,0,40,22
img,827,805,100,100,13,0,41,22
form,970,59,161,20,5,0,42,22
input,970,59,110,20,7,0,43,22
input,1083,59,18,18,7,0,44,22
ul,825,400,274,592,9,1,45,22
ul,825,435,274,537,11,1,46,22
li,151,344,60,34,5,1,47,22
li,211,344,146,34,5,1,48,22
li,357,344,164,34,5,1,49,22
li,521,344,103,34,5,1,50,22
li,624,344,83,34,5,1,51,22
li,707,344,82,34,5,1,52,22
li,789,344,97,34,5,1,53,22
li,886,344,80,34,5,1,54,22
li,966,344,90,34,5,1,55,22
li,825,400,274,592,10,1,56,22
li,825,435,274,165,12,1,57,22
li,825,600,274,193,12,1,58,22
li,825,793,274,179,12,1,59,22
table,161,398,960,703,4,1,60,22
table,183,489,296,590,10,1,61,22
tbody,163,400,956,699,5,1,62,22
tbody,185,491,292,586,11,1,63,22
tr,163,400,956,699,6,1,64,22
tr,185,491,292,82,12,1,65,22
tr,185,575,292,82,12,1,66,22
tr,185,659,292,82,12,1,67,22
tr,185,743,292,82,12,1,68,22
tr,185,827,292,82,12,1,69,22
tr,185,911,292,82,12,1,70,22
tr,185,995,292,82,12,1,71,22
td,163,400,639,699,7,1,72,22
td,185,491,72,82,13,1,73,22
td,259,491,218,82,13,1,74,22
td,185,575,72,82,13,1,75,22
td,259,575,218,82,13,1,76,22
td,185,659,72,82,13,1,77,22
td,259,659,218,82,13,1,78,22
td,185,743,72,82,13,1,79,22
td,259,743,218,82,13,1,80,22
td,185,827,72,82,13,1,81,22
td,259,827,218,82,13,1,82,22
td,185,911,72,82,13,1,83,22
td,259,911,218,82,13,1,84,22
td,185,995,72,82,13,1,85,22
td,259,995,218,82,13,1,86,22
td,804,400,315,699,7,1,87,22
h2,183,400,599,24,9,1,88,22
h2,825,400,274,25,11,1,89,22
p,183,441,599,28,10,1,90,22
h4,260,508,216,14,14,1,91,22
h4,260,592,216,14,14,1,92,22
h4,260,676,216,14,14,1,93,22
h4,260,760,216,14,14,1,94,22
h4,260,844,216,14,14,1,95,22
h4,260,928,216,14,14,1,96,22
h4,260,1012,216,14,14,1,97,22
center,825,400,274,592,8,1,98,22
strong,937,447,94,14,13,1,99,22
strong,937,612,71,14,13,1,100,22
strong,937,805,80,14,13,1,101,22
span,623,1142,478,13,4,1,102,22
