body,0,0,1282,1086,1,1,1,31
div,151,0,980,1086,2,1,2,31
div,151,0,980,113,3,1,3,31
div,151,0,980,25,4,1,4,31
div,1008,10,103,15,5,1,5,31
div,970,25,161,54,4,1,6,31
div,970,59,161,20,6,1,7,31
div,499,113,632,231,3,1,8,31
div,151,344,980,34,3,1,9,31
div,151,378,1010,636,3,1,10,31
div,183,400,599,211,8,1,11,31
div,183,441,599,170,9,1,12,31
div,151,1014,980,72,3,1,13,31
a,181,45,200,50,4,0,14,31
a,151,113,348,231,3,0,15,31
a,151,344,60,34,6,0,16,31
a,211,344,146,34,6,0,17,31
a,357,344,164,34,6,0,18,31
a,521,344,103,34,6,0,19,31
a,624,344,83,34,6,0,20,31
a,707,344,82,34,6,0,21,31
a,789,344,97,34,6,0,22,31
a,886,344,80,34,6,0,23,31
a,966,344,90,34,6,0,24,31
a,183,400,213,24,10,0,25,31
a,183,679,87,11,8,0,26,31
a,273,679,87,11,8,0,27,31
a,363,679,87,11,8,0,28,31
a,453,679,87,11,8,0,29,31
a,665,664,117,26,8,0,30,31
a,914,573,65,14,13,0,31,31
a,887,766,65,14,13,0,32,31
a,933,945,65,14,13,0,33,31
a,1035,1050,66,14,4,0,34,31
img,1092,10,19,15,7,0,35,31
img,499,113,62,231,4,0,36,31
img,183,664,87,26,9,0,37,31
img,273,664,87,26,9,0,38,31
img,363,664,87,26,9,0,39,31
img,453,664,87,26,9,0,40,31
img,665,664,117,26,9,0,41,31
img,827,447,100,100,13,0,42,31
img,827,612,100,100,13,0,43,31
img,827,805,100,100,13,0,44,31
form,970,59,161,20,5,0,45,31
input,970,59,110,20,7,0,46,31
input,1083,59,18,18,7,0,47,31
ul,825,400,274,592,9,1,48,31
ul,825,435,274,537,11,1,49,31
li,151,344,60,34,5,1,50,31
li,211,344,146,34,5,1,51,31
li,357,344,164,34,5,1,52,31
li,521,344,103,34,5,1,53,31
li,624,344,83,34,5,1,54,31
li,707,344,82,34,5,1,55,31
li,789,344,97,34,5,1,56,31
li,886,344,80,34,5,1,57,31
li,966,344,90,34,5,1,58,31
li,825,400,274,592,10,1,59,31
li,825,435,274,165,12,1,60,31
li,825,600,274,193,12,1,61,31
li,825,793,274,179,12,1,62,31
table,161,398,960,596,4,1,63,31
tbody,163,400,956,592,5,1,64,31
tr,163,400,956,592,6,1,65,31
td,163,400,639,592,7,1,66,31
td,804,400,315,592,7,1,67,31
h2,183,400,599,24,9,1,68,31
h2,825,400,274,25,11,1,69,31
p,183,441,599,70,10,1,70,31
p,183,555,599,56,10,1,71,31
h3,183,525,599,16,10,1,72,31
hr,183,643,599,1,8,0,73,31
center,825,400,274,592,8,1,74,31
strong,937,447,126,14,13,1,75,31
strong,937,612,71,14,13,1,76,31
strong,937,805,77,14,13,1,77,31
span,623,1035,478,13,4,1,78,31
