body,0,0,1282,1059,1,1,1,3
div,151,0,980,1059,2,1,2,3
div,151,0,980,113,3,1,3,3
div,151,0,980,25,4,1,4,3
div,1008,10,103,15,5,1,5,3
div,970,25,161,54,4,1,6,3
div,970,59,161,20,6,1,7,3
div,499,113,632,231,3,1,8,3
div,151,344,980,34,3,1,9,3
div,151,378,1010,609,3,1,10,3
div,183,400,699,457,8,1,11,3
div,183,441,699,416,9,1,12,3
div,925,455,184,14,11,1,13,3
div,925,529,184,14,11,1,14,3
div,925,618,184,196,11,1,15,3
div,151,987,980,72,3,1,16,3
a,181,45,200,50,4,0,17,3
a,151,113,348,231,3,0,18,3
a,151,344,60,34,6,0,19,3
a,211,344,146,34,6,0,20,3
a,357,344,164,34,6,0,21,3
a,521,344,103,34,6,0,22,3
a,624,344,83,34,6,0,23,3
a,707,344,82,34,6,0,24,3
a,789,344,97,34,6,0,25,3
a,886,344,80,34,6,0,26,3
a,966,344,90,34,6,0,27,3
a,183,400,265,24,10,0,28,3
a,389,731,76,14,14,0,29,3
a,389,815,121,14,14,0,30,3
a,183,933,87,11,8,0,31,3
a,273,933,87,11,8,0,32,3
a,363,933,87,11,8,0,33,3
a,453,933,87,11,8,0,34,3
a,765,918,117,26,8,0,35,3
a,925,435,32,32,11,0,36,3
a,962,435,32,32,11,0,37,3
a,999,435,32,32,11,0,38,3
a,925,618,108,14,14,0,39,3
a,925,632,61,14,14,0,40,3
a,925,646,111,14,14,0,41,3
a,925,660,130,14,14,0,42,3
a,925,674,134,14,14,0,43,3
a,925,688,89,14,14,0,44,3
a,925,702,180,14,14,0,45,3
a,925,716,99,14,14,0,46,3
a,925,730,137,28,14,0,47,3
a,925,758,163,14,14,0,48,3
a,925,772,155,14,14,0,49,3
a,925,786,157,14,14,0,50,3
a,925,800,52,14,14,0,51,3
a,1035,1023,66,14,4,0,52,3
img,1092,10,19,15,7,0,53,3
img,499,113,62,231,4,0,54,3
img,183,703,140,70,14,0,55,3
img,183,787,140,70,14,0,56,3
img,183,918,87,26,9,0,57,3
img,273,918,87,26,9,0,58,3
img,363,918,87,26,9,0,59,3
img,453,918,87,26,9,0,60,3
img,765,918,117,26,9,0,61,3
img,925,509,174,50,13,0,62,3
img,925,869,174,86,12,0,63,3
form,970,59,161,20,5,0,64,3
input,970,59,110,20,7,0,65,3
input,1083,59,18,18,7,0,66,3
ul,925,400,184,489,9,1,67,3
ul,925,618,184,196,12,1,68,3
li,151,344,60,34,5,1,69,3
li,211,344,146,34,5,1,70,3
li,357,344,164,34,5,1,71,3
li,521,344,103,34,5,1,72,3
li,624,344,83,34,5,1,73,3
li,707,344,82,34,5,1,74,3
li,789,344,97,34,5,1,75,3
li,886,344,80,34,5,1,76,3
li,966,344,90,34,5,1,77,3
li,925,400,184,55,10,1,78,3
li,925,455,184,34,10,1,79,3
li,925,489,184,20,10,1,80,3
li,925,509,184,20,10,1,81,3
li,925,529,184,34,10,1,82,3
li,925,563,184,20,10,1,83,3
li,925,583,184,251,10,1,84,3
li,925,618,184,14,13,1,85,3
li,925,632,184,14,13,1,86,3
li,925,646,184,14,13,1,87,3
li,925,660,184,14,13,1,88,3
li,925,674,184,14,13,1,89,3
li,925,688,184,14,13,1,90,3
li,925,702,184,14,13,1,91,3
li,925,716,184,14,13,1,92,3
li,925,730,184,28,13,1,93,3
li,925,758,184,14,13,1,94,3
li,925,772,184,14,13,1,95,3
li,925,786,184,14,13,1,96,3
li,925,800,184,14,13,1,97,3
li,925,834,184,55,10,1,98,3
table,161,398,970,569,4,1,99,3
table,183,703,389,154,10,1,100,3
tbody,163,400,966,565,5,1,101,3
tbody,183,703,389,154,11,1,102,3
tr,163,400,966,565,6,1,103,3
tr,183,703,389,70,12,1,104,3
tr,183,773,389,14,12,1,105,3
tr,183,787,389,70,12,1,106,3
td,163,400,739,565,7,1,107,3
td,183,703,170,70,13,1,108,3
td,353,703,219,70,13,1,109,3
td,183,773,170,14,13,1,110,3
td,353,773,219,14,13,1,111,3
td,183,787,170,70,13,1,112,3
td,353,787,219,70,13,1,113,3
td,904,400,225,565,7,1,114,3
h2,183,400,699,24,9,1,115,3
h2,925,400,184,25,11,1,116,3
h2,925,583,184,25,11,1,117,3
h2,925,834,184,25,11,1,118,3
p,183,441,699,42,10,1,119,3
p,183,527,699,70,10,1,120,3
p,183,641,699,42,10,1,121,3
h3,183,497,699,16,10,1,122,3
h3,183,611,699,16,10,1,123,3
span,186,773,4,14,14,1,124,3
span,623,1008,478,13,4,1,125,3
hr,183,897,699,1,8,0,126,3
center,925,400,184,489,8,1,127,3
