body,0,0,1282,2775,1,1,1,5
div,151,0,980,2775,2,1,2,5
div,151,0,980,113,3,1,3,5
div,151,0,980,25,4,1,4,5
div,1008,10,103,15,5,1,5,5
div,970,25,161,54,4,1,6,5
div,970,59,161,20,6,1,7,5
div,499,113,632,231,3,1,8,5
div,151,344,980,34,3,1,9,5
div,151,378,1010,2325,3,1,10,5
div,183,441,340,140,8,1,11,5
div,193,486,320,28,9,1,12,5
div,523,441,340,140,8,1,13,5
div,533,486,320,28,9,1,14,5
div,183,581,340,140,8,1,15,5
div,193,626,320,28,9,1,16,5
div,523,581,340,140,8,1,17,5
div,533,626,320,28,9,1,18,5
div,183,721,340,140,8,1,19,5
div,193,766,320,28,9,1,20,5
div,523,721,340,140,8,1,21,5
div,533,766,320,42,9,1,22,5
div,183,861,340,140,8,1,23,5
div,193,906,320,28,9,1,24,5
div,523,861,340,140,8,1,25,5
div,533,906,320,28,9,1,26,5
div,183,1001,340,140,8,1,27,5
div,193,1046,320,28,9,1,28,5
div,523,1001,340,140,8,1,29,5
div,533,1046,320,28,9,1,30,5
div,183,1141,340,140,8,1,31,5
div,193,1186,320,28,9,1,32,5
div,523,1141,340,140,8,1,33,5
div,533,1186,320,42,9,1,34,5
div,183,1281,340,140,8,1,35,5
div,193,1326,320,28,9,1,36,5
div,523,1281,340,140,8,1,37,5
div,533,1326,320,28,9,1,38,5
div,183,1421,340,140,8,1,39,5
div,193,1466,320,42,9,1,40,5
div,523,1421,340,140,8,1,41,5
div,533,1466,320,28,9,1,42,5
div,183,1561,340,140,8,1,43,5
div,193,1606,320,28,9,1,44,5
div,523,1561,340,140,8,1,45,5
div,533,1606,320,28,9,1,46,5
div,183,1701,340,140,8,1,47,5
div,193,1746,320,28,9,1,48,5
div,523,1701,340,140,8,1,49,5
div,533,1746,320,42,9,1,50,5
div,183,1841,340,140,8,1,51,5
div,193,1886,320,28,9,1,52,5
div,523,1841,340,140,8,1,53,5
div,533,1886,320,42,9,1,54,5
div,183,1981,340,140,8,1,55,5
div,193,2026,320,28,9,1,56,5
div,523,1981,340,140,8,1,57,5
div,533,2026,320,28,9,1,58,5
div,183,2121,340,140,8,1,59,5
div,193,2166,320,28,9,1,60,5
div,523,2121,340,140,8,1,61,5
div,533,2166,320,28,9,1,62,5
div,183,2261,340,140,8,1,63,5
div,193,2306,320,28,9,1,64,5
div,523,2261,340,140,8,1,65,5
div,533,2306,320,28,9,1,66,5
div,183,2401,340,140,8,1,67,5
div,193,2446,320,28,9,1,68,5
div,523,2401,340,140,8,1,69,5
div,533,2446,320,28,9,1,70,5
div,183,2541,340,140,8,1,71,5
div,193,2586,320,28,9,1,72,5
div,523,2541,340,140,8,1,73,5
div,533,2586,320,42,9,1,74,5
div,925,455,184,14,11,1,75,5
div,925,529,184,14,11,1,76,5
div,925,618,184,196,11,1,77,5
div,151,2703,980,72,3,1,78,5
a,181,45,200,50,4,0,79,5
a,151,113,348,231,3,0,80,5
a,151,344,60,34,6,0,81,5
a,211,344,146,34,6,0,82,5
a,357,344,164,34,6,0,83,5
a,521,344,103,34,6,0,84,5
a,624,344,83,34,6,0,85,5
a,707,344,82,34,6,0,86,5
a,789,344,97,34,6,0,87,5
a,886,344,80,34,6,0,88,5
a,966,344,90,34,6,0,89,5
a,183,400,137,24,9,0,90,5
a,273,451,135,19,10,0,91,5
a,613,451,101,19,10,0,92,5
a,273,591,139,19,10,0,93,5
a,613,591,146,19,10,0,94,5
a,273,731,145,19,10,0,95,5
a,613,731,131,19,10,0,96,5
a,273,871,124,19,10,0,97,5
a,613,871,110,19,10,0,98,5
a,273,1011,106,19,10,0,99,5
a,613,1011,123,19,10,0,100,5
a,273,1151,116,19,10,0,101,5
a,613,1151,89,19,10,0,102,5
a,273,1291,118,19,10,0,103,5
a,613,1291,94,19,10,0,104,5
a,273,1431,130,19,10,0,105,5
a,613,1431,132,19,10,0,106,5
a,273,1571,107,19,10,0,107,5
a,613,1571,124,19,10,0,108,5
a,273,1711,130,19,10,0,109,5
a,613,1711,126,19,10,0,110,5
a,273,1851,143,19,10,0,111,5
a,613,1851,117,19,10,0,112,5
a,273,1991,115,19,10,0,113,5
a,613,1991,115,19,10,0,114,5
a,273,2131,106,19,10,0,115,5
a,613,2131,120,19,10,0,116,5
a,273,2271,113,19,10,0,117,5
a,613,2271,127,19,10,0,118,5
a,273,2411,130,19,10,0,119,5
a,613,2411,113,19,10,0,120,5
a,273,2551,138,19,10,0,121,5
a,613,2551,139,19,10,0,122,5
a,925,435,32,32,11,0,123,5
a,962,435,32,32,11,0,124,5
a,999,435,32,32,11,0,125,5
a,925,618,108,14,14,0,126,5
a,925,632,61,14,14,0,127,5
a,925,646,111,14,14,0,128,5
a,925,660,130,14,14,0,129,5
a,925,674,134,14,14,0,130,5
a,925,688,89,14,14,0,131,5
a,925,702,180,14,14,0,132,5
a,925,716,99,14,14,0,133,5
a,925,730,137,28,14,0,134,5
a,925,758,163,14,14,0,135,5
a,925,772,155,14,14,0,136,5
a,925,786,157,14,14,0,137,5
a,925,800,52,14,14,0,138,5
a,1035,2738,66,14,4,0,139,5
img,1092,10,19,15,7,0,140,5
img,499,113,62,231,4,0,141,5
img,193,451,80,70,10,0,142,5
img,533,451,80,70,10,0,143,5
img,193,591,80,70,10,0,144,5
img,533,591,80,70,10,0,145,5
img,193,731,80,70,10,0,146,5
img,533,731,80,70,10,0,147,5
img,193,871,80,70,10,0,148,5
img,533,871,80,70,10,0,149,5
img,193,1011,80,70,10,0,150,5
img,533,1011,80,70,10,0,151,5
img,193,1151,80,70,10,0,152,5
img,533,1151,80,70,10,0,153,5
img,193,1291,80,70,10,0,154,5
img,533,1291,80,70,10,0,155,5
img,193,1431,80,70,10,0,156,5
img,533,1431,80,70,10,0,157,5
img,193,1571,80,70,10,0,158,5
img,533,1571,80,70,10,0,159,5
img,193,1711,80,70,10,0,160,5
img,533,1711,80,70,10,0,161,5
img,193,1851,80,70,10,0,162,5
img,533,1851,80,70,10,0,163,5
img,193,1991,80,70,10,0,164,5
img,533,1991,80,70,10,0,165,5
img,193,2131,80,70,10,0,166,5
img,533,2131,80,70,10,0,167,5
img,193,2271,80,70,10,0,168,5
img,533,2271,80,70,10,0,169,5
img,193,2411,80,70,10,0,170,5
img,533,2411,80,70,10,0,171,5
img,193,2551,80,70,10,0,172,5
img,533,2551,80,70,10,0,173,5
img,925,509,174,50,13,0,174,5
img,925,869,174,86,12,0,175,5
form,970,59,161,20,5,0,176,5
input,970,59,110,20,7,0,177,5
input,1083,59,18,18,7,0,178,5
ul,925,400,184,489,9,1,179,5
ul,925,618,184,196,12,1,180,5
li,151,344,60,34,5,1,181,5
li,211,344,146,34,5,1,182,5
li,357,344,164,34,5,1,183,5
li,521,344,103,34,5,1,184,5
li,624,344,83,34,5,1,185,5
li,707,344,82,34,5,1,186,5
li,789,344,97,34,5,1,187,5
li,886,344,80,34,5,1,188,5
li,966,344,90,34,5,1,189,5
li,925,400,184,55,10,1,190,5
li,925,455,184,34,10,1,191,5
li,925,489,184,20,10,1,192,5
li,925,509,184,20,10,1,193,5
li,925,529,184,34,10,1,194,5
li,925,563,184,20,10,1,195,5
li,925,583,184,251,10,1,196,5
li,925,618,184,14,13,1,197,5
li,925,632,184,14,13,1,198,5
li,925,646,184,14,13,1,199,5
li,925,660,184,14,13,1,200,5
li,925,674,184,14,13,1,201,5
li,925,688,184,14,13,1,202,5
li,925,702,184,14,13,1,203,5
li,925,716,184,14,13,1,204,5
li,925,730,184,28,13,1,205,5
li,925,758,184,14,13,1,206,5
li,925,772,184,14,13,1,207,5
li,925,786,184,14,13,1,208,5
li,925,800,184,14,13,1,209,5
li,925,834,184,55,10,1,210,5
table,161,398,970,2285,4,1,211,5
tbody,163,400,966,2281,5,1,212,5
tr,163,400,966,2281,6,1,213,5
td,163,400,739,2281,7,1,214,5
td,904,400,225,2281,7,1,215,5
h2,183,400,699,24,8,1,216,5
h2,925,400,184,25,11,1,217,5
h2,925,583,184,25,11,1,218,5
h2,925,834,184,25,11,1,219,5
h3,193,451,320,19,9,1,220,5
h3,533,451,320,19,9,1,221,5
h3,193,591,320,19,9,1,222,5
h3,533,591,320,19,9,1,223,5
h3,193,731,320,19,9,1,224,5
h3,533,731,320,19,9,1,225,5
h3,193,871,320,19,9,1,226,5
h3,533,871,320,19,9,1,227,5
h3,193,1011,320,19,9,1,228,5
h3,533,1011,320,19,9,1,229,5
h3,193,1151,320,19,9,1,230,5
h3,533,1151,320,19,9,1,231,5
h3,193,1291,320,19,9,1,232,5
h3,533,1291,320,19,9,1,233,5
h3,193,1431,320,19,9,1,234,5
h3,533,1431,320,19,9,1,235,5
h3,193,1571,320,19,9,1,236,5
h3,533,1571,320,19,9,1,237,5
h3,193,1711,320,19,9,1,238,5
h3,533,1711,320,19,9,1,239,5
h3,193,1851,320,19,9,1,240,5
h3,533,1851,320,19,9,1,241,5
h3,193,1991,320,19,9,1,242,5
h3,533,1991,320,19,9,1,243,5
h3,193,2131,320,19,9,1,244,5
h3,533,2131,320,19,9,1,245,5
h3,193,2271,320,19,9,1,246,5
h3,533,2271,320,19,9,1,247,5
h3,193,2411,320,19,9,1,248,5
h3,533,2411,320,19,9,1,249,5
h3,193,2551,320,19,9,1,250,5
h3,533,2551,320,19,9,1,251,5
center,925,400,184,489,8,1,252,5
span,623,2724,478,13,4,1,253,5
