body,0,0,1282,2227,1,1,1,23
div,151,0,980,2227,2,1,2,23
div,151,0,980,113,3,1,3,23
div,151,0,980,25,4,1,4,23
div,1008,10,103,15,5,1,5,23
div,970,25,161,54,4,1,6,23
div,970,59,161,20,6,1,7,23
div,499,113,632,231,3,1,8,23
div,151,344,980,34,3,1,9,23
div,151,378,1010,1777,3,1,10,23
div,183,400,600,1651,8,1,11,23
div,183,441,600,1610,9,1,12,23
div,151,2155,980,72,3,1,13,23
a,181,45,200,50,4,0,14,23
a,151,113,348,231,3,0,15,23
a,151,344,60,34,6,0,16,23
a,211,344,146,34,6,0,17,23
a,357,344,164,34,6,0,18,23
a,521,344,103,34,6,0,19,23
a,624,344,83,34,6,0,20,23
a,707,344,82,34,6,0,21,23
a,789,344,97,34,6,0,22,23
a,886,344,80,34,6,0,23,23
a,966,344,90,34,6,0,24,23
a,183,400,176,24,10,0,25,23
a,183,2119,87,11,8,0,26,23
a,273,2119,87,11,8,0,27,23
a,363,2119,87,11,8,0,28,23
a,453,2119,87,11,8,0,29,23
a,666,2104,117,26,8,0,30,23
a,890,615,65,14,13,0,31,23
a,831,794,65,14,13,0,32,23
a,995,959,65,14,13,0,33,23
a,1035,2190,66,14,4,0,34,23
img,1092,10,19,15,7,0,35,23
img,499,113,62,231,4,0,36,23
img,183,538,450,150,11,0,37,23
img,183,811,600,150,11,0,38,23
img,183,1070,600,150,11,0,39,23
img,183,1329,450,150,11,0,40,23
img,183,1588,450,150,11,0,41,23
img,183,1861,450,150,11,0,42,23
img,183,2104,87,26,9,0,43,23
img,273,2104,87,26,9,0,44,23
img,363,2104,87,26,9,0,45,23
img,453,2104,87,26,9,0,46,23
img,666,2104,117,26,9,0,47,23
img,828,447,100,100,13,0,48,23
img,828,654,100,100,13,0,49,23
img,828,833,100,100,13,0,50,23
form,970,59,161,20,5,0,51,23
input,970,59,110,20,7,0,52,23
input,1083,59,18,18,7,0,53,23
ul,826,400,274,606,9,1,54,23
ul,826,435,274,551,11,1,55,23
li,151,344,60,34,5,1,56,23
li,211,344,146,34,5,1,57,23
li,357,344,164,34,5,1,58,23
li,521,344,103,34,5,1,59,23
li,624,344,83,34,5,1,60,23
li,707,344,82,34,5,1,61,23
li,789,344,97,34,5,1,62,23
li,886,344,80,34,5,1,63,23
li,966,344,90,34,5,1,64,23
li,826,400,274,606,10,1,65,23
li,826,435,274,207,12,1,66,23
li,826,642,274,179,12,1,67,23
li,826,821,274,165,12,1,68,23
table,161,398,961,1737,4,1,69,23
tbody,163,400,957,1733,5,1,70,23
tr,163,400,957,1733,6,1,71,23
td,163,400,640,1733,7,1,72,23
td,805,400,315,1733,7,1,73,23
h2,183,400,600,24,9,1,74,23
h2,826,400,274,25,11,1,75,23
p,183,441,600,14,10,1,76,23
p,183,467,600,14,10,1,77,23
p,183,538,600,150,10,1,78,23
p,183,700,600,28,10,1,79,23
p,183,740,600,14,10,1,80,23
p,183,811,600,150,10,1,81,23
p,183,973,600,14,10,1,82,23
p,183,999,600,14,10,1,83,23
p,183,1070,600,150,10,1,84,23
p,183,1232,600,14,10,1,85,23
p,183,1258,600,14,10,1,86,23
p,183,1329,600,150,10,1,87,23
p,183,1491,600,14,10,1,88,23
p,183,1517,600,14,10,1,89,23
p,183,1588,600,150,10,1,90,23
p,183,1750,600,28,10,1,91,23
p,183,1790,600,14,10,1,92,23
p,183,1861,600,150,10,1,93,23
p,183,2023,600,28,10,1,94,23
span,183,467,7,14,11,1,95,23
span,183,740,4,14,11,1,96,23
span,183,999,4,14,11,1,97,23
span,183,1258,4,14,11,1,98,23
span,183,1517,4,14,11,1,99,23
span,183,1790,4,14,11,1,100,23
span,623,2176,478,13,4,1,101,23
hr,183,493,600,1,10,0,102,23
hr,183,766,600,1,10,0,103,23
hr,183,1025,600,1,10,0,104,23
hr,183,1284,600,1,10,0,105,23
hr,183,1543,600,1,10,0,106,23
hr,183,1816,600,1,10,0,107,23
hr,183,2083,600,1,8,0,108,23
h3,183,508,600,16,10,1,109,23
h3,183,781,600,16,10,1,110,23
h3,183,1040,600,16,10,1,111,23
h3,183,1299,600,16,10,1,112,23
h3,183,1558,600,16,10,1,113,23
h3,183,1831,600,16,10,1,114,23
center,826,400,274,606,8,1,115,23
strong,938,447,101,14,13,1,116,23
strong,938,654,87,14,13,1,117,23
strong,938,833,126,14,13,1,118,23
