body,0,0,1282,1086,1,1,1,24
div,151,0,980,1086,2,1,2,24
div,151,0,980,113,3,1,3,24
div,151,0,980,25,4,1,4,24
div,1008,10,103,15,5,1,5,24
div,970,25,161,54,4,1,6,24
div,970,59,161,20,6,1,7,24
div,499,113,632,231,3,1,8,24
div,151,344,980,34,3,1,9,24
div,151,378,1010,636,3,1,10,24
div,183,400,599,391,8,1,11,24
div,183,441,599,350,9,1,12,24
div,151,1014,980,72,3,1,13,24
a,181,45,200,50,4,0,14,24
a,151,113,348,231,3,0,15,24
a,151,344,60,34,6,0,16,24
a,211,344,146,34,6,0,17,24
a,357,344,164,34,6,0,18,24
a,521,344,103,34,6,0,19,24
a,624,344,83,34,6,0,20,24
a,707,344,82,34,6,0,21,24
a,789,344,97,34,6,0,22,24
a,886,344,80,34,6,0,23,24
a,966,344,90,34,6,0,24,24
a,183,400,215,24,10,0,25,24
a,183,780,174,11,11,0,26,24
a,183,859,87,11,8,0,27,24
a,273,859,87,11,8,0,28,24
a,363,859,87,11,8,0,29,24
a,453,859,87,11,8,0,30,24
a,665,844,117,26,8,0,31,24
a,882,601,65,14,13,0,32,24
a,830,766,65,14,13,0,33,24
a,909,945,65,14,13,0,34,24
a,1035,1050,66,14,4,0,35,24
img,1092,10,19,15,7,0,36,24
img,499,113,62,231,4,0,37,24
img,183,741,174,50,12,0,38,24
img,183,844,87,26,9,0,39,24
img,273,844,87,26,9,0,40,24
img,363,844,87,26,9,0,41,24
img,453,844,87,26,9,0,42,24
img,665,844,117,26,9,0,43,24
img,827,447,100,100,13,0,44,24
img,827,640,100,100,13,0,45,24
img,827,805,100,100,13,0,46,24
form,970,59,161,20,5,0,47,24
input,970,59,110,20,7,0,48,24
input,1083,59,18,18,7,0,49,24
ul,825,400,274,592,9,1,50,24
ul,825,435,274,537,11,1,51,24
li,151,344,60,34,5,1,52,24
li,211,344,146,34,5,1,53,24
li,357,344,164,34,5,1,54,24
li,521,344,103,34,5,1,55,24
li,624,344,83,34,5,1,56,24
li,707,344,82,34,5,1,57,24
li,789,344,97,34,5,1,58,24
li,886,344,80,34,5,1,59,24
li,966,344,90,34,5,1,60,24
li,825,400,274,592,10,1,61,24
li,825,435,274,193,12,1,62,24
li,825,628,274,165,12,1,63,24
li,825,793,274,179,12,1,64,24
table,161,398,960,596,4,1,65,24
tbody,163,400,956,592,5,1,66,24
tr,163,400,956,592,6,1,67,24
td,163,400,639,592,7,1,68,24
td,804,400,315,592,7,1,69,24
h2,183,400,599,24,9,1,70,24
h2,825,400,274,25,11,1,71,24
h3,183,441,599,16,10,1,72,24
h3,183,471,599,16,10,1,73,24
h3,183,501,599,16,10,1,74,24
h3,183,531,599,16,10,1,75,24
h3,183,561,599,16,10,1,76,24
h3,183,591,599,16,10,1,77,24
h3,183,621,599,16,10,1,78,24
h3,183,651,599,16,10,1,79,24
h3,183,681,599,16,10,1,80,24
h3,183,711,599,16,10,1,81,24
p,183,741,599,50,10,1,82,24
hr,183,823,599,1,8,0,83,24
center,825,400,274,592,8,1,84,24
strong,937,447,76,14,13,1,85,24
strong,937,640,98,14,13,1,86,24
strong,937,805,112,14,13,1,87,24
span,623,1035,478,13,4,1,88,24
