body,0,0,1282,1100,1,1,1,30
div,151,0,980,1100,2,1,2,30
div,151,0,980,113,3,1,3,30
div,151,0,980,25,4,1,4,30
div,1008,10,103,15,5,1,5,30
div,970,25,161,54,4,1,6,30
div,970,59,161,20,6,1,7,30
div,499,113,632,231,3,1,8,30
div,151,344,980,34,3,1,9,30
div,151,378,1010,650,3,1,10,30
div,183,400,599,141,8,1,11,30
div,183,441,599,100,9,1,12,30
div,151,1028,980,72,3,1,13,30
a,181,45,200,50,4,0,14,30
a,151,113,348,231,3,0,15,30
a,151,344,60,34,6,0,16,30
a,211,344,146,34,6,0,17,30
a,357,344,164,34,6,0,18,30
a,521,344,103,34,6,0,19,30
a,624,344,83,34,6,0,20,30
a,707,344,82,34,6,0,21,30
a,789,344,97,34,6,0,22,30
a,886,344,80,34,6,0,23,30
a,966,344,90,34,6,0,24,30
a,183,400,283,24,10,0,25,30
a,945,601,65,14,13,0,26,30
a,854,780,65,14,13,0,27,30
a,947,959,65,14,13,0,28,30
a,1035,1064,66,14,4,0,29,30
img,1092,10,19,15,7,0,30,30
img,499,113,62,231,4,0,31,30
img,183,553,470,127,12,0,32,30
img,827,447,100,100,13,0,33,30
img,827,640,100,100,13,0,34,30
img,827,819,100,100,13,0,35,30
form,970,59,161,20,5,0,36,30
input,970,59,110,20,7,0,37,30
input,1083,59,18,18,7,0,38,30
ul,825,400,274,606,9,1,39,30
ul,825,435,274,551,11,1,40,30
li,151,344,60,34,5,1,41,30
li,211,344,146,34,5,1,42,30
li,357,344,164,34,5,1,43,30
li,521,344,103,34,5,1,44,30
li,624,344,83,34,5,1,45,30
li,707,344,82,34,5,1,46,30
li,789,344,97,34,5,1,47,30
li,886,344,80,34,5,1,48,30
li,966,344,90,34,5,1,49,30
li,825,400,274,606,10,1,50,30
li,825,435,274,193,12,1,51,30
li,825,628,274,179,12,1,52,30
li,825,807,274,179,12,1,53,30
table,161,398,960,610,4,1,54,30
tbody,163,400,956,606,5,1,55,30
tr,163,400,956,606,6,1,56,30
td,163,400,639,606,7,1,57,30
td,804,400,315,606,7,1,58,30
h2,183,400,599,24,9,1,59,30
h2,825,400,274,25,11,1,60,30
h3,183,441,599,16,10,1,61,30
p,183,471,599,70,10,1,62,30
center,825,400,274,606,8,1,63,30
strong,937,447,114,14,13,1,64,30
strong,937,640,83,14,13,1,65,30
strong,937,819,63,14,13,1,66,30
span,623,1049,478,13,4,1,67,30
