body,0,0,1282,1059,1,1,1,7
div,151,0,980,1059,2,1,2,7
div,151,0,980,113,3,1,3,7
div,151,0,980,25,4,1,4,7
div,1008,10,103,15,5,1,5,7
div,970,25,161,54,4,1,6,7
div,970,59,161,20,6,1,7,7
div,499,113,632,231,3,1,8,7
div,151,344,980,34,3,1,9,7
div,151,378,1010,609,3,1,10,7
div,183,400,699,191,8,1,11,7
div,183,441,699,150,9,1,12,7
div,925,455,184,14,11,1,13,7
div,925,529,184,14,11,1,14,7
div,925,618,184,196,11,1,15,7
div,151,987,980,72,3,1,16,7
a,181,45,200,50,4,0,17,7
a,151,113,348,231,3,0,18,7
a,151,344,60,34,6,0,19,7
a,211,344,146,34,6,0,20,7
a,357,344,164,34,6,0,21,7
a,521,344,103,34,6,0,22,7
a,624,344,83,34,6,0,23,7
a,707,344,82,34,6,0,24,7
a,789,344,97,34,6,0,25,7
a,886,344,80,34,6,0,26,7
a,966,344,90,34,6,0,27,7
a,183,400,238,24,10,0,28,7
a,401,577,24,14,11,0,29,7
a,925,435,32,32,11,0,30,7
a,962,435,32,32,11,0,31,7
a,999,435,32,32,11,0,32,7
a,925,618,108,14,14,0,33,7
a,925,632,61,14,14,0,34,7
a,925,646,111,14,14,0,35,7
a,925,660,130,14,14,0,36,7
a,925,674,134,14,14,0,37,7
a,925,688,89,14,14,0,38,7
a,925,702,180,14,14,0,39,7
a,925,716,99,14,14,0,40,7
a,925,730,137,28,14,0,41,7
a,925,758,163,14,14,0,42,7
a,925,772,155,14,14,0,43,7
a,925,786,157,14,14,0,44,7
a,925,800,52,14,14,0,45,7
a,1035,1023,66,14,4,0,46,7
img,1092,10,19,15,7,0,47,7
img,499,113,62,231,4,0,48,7
img,623,441,259,219,12,0,49,7
img,925,509,174,50,13,0,50,7
img,925,869,174,86,12,0,51,7
form,970,59,161,20,5,0,52,7
input,970,59,110,20,7,0,53,7
input,1083,59,18,18,7,0,54,7
ul,925,400,184,489,9,1,55,7
ul,925,618,184,196,12,1,56,7
li,151,344,60,34,5,1,57,7
li,211,344,146,34,5,1,58,7
li,357,344,164,34,5,1,59,7
li,521,344,103,34,5,1,60,7
li,624,344,83,34,5,1,61,7
li,707,344,82,34,5,1,62,7
li,789,344,97,34,5,1,63,7
li,886,344,80,34,5,1,64,7
li,966,344,90,34,5,1,65,7
li,925,400,184,55,10,1,66,7
li,925,455,184,34,10,1,67,7
li,925,489,184,20,10,1,68,7
li,925,509,184,20,10,1,69,7
li,925,529,184,34,10,1,70,7
li,925,563,184,20,10,1,71,7
li,925,583,184,251,10,1,72,7
li,925,618,184,14,13,1,73,7
li,925,632,184,14,13,1,74,7
li,925,646,184,14,13,1,75,7
li,925,660,184,14,13,1,76,7
li,925,674,184,14,13,1,77,7
li,925,688,184,14,13,1,78,7
li,925,702,184,14,13,1,79,7
li,925,716,184,14,13,1,80,7
li,925,730,184,28,13,1,81,7
li,925,758,184,14,13,1,82,7
li,925,772,184,14,13,1,83,7
li,925,786,184,14,13,1,84,7
li,925,800,184,14,13,1,85,7
li,925,834,184,55,10,1,86,7
table,161,398,970,569,4,1,87,7
tbody,163,400,966,565,5,1,88,7
tr,163,400,966,565,6,1,89,7
td,163,400,739,565,7,1,90,7
td,904,400,225,565,7,1,91,7
h2,183,400,699,24,9,1,92,7
h2,925,400,184,25,11,1,93,7
h2,925,583,184,25,11,1,94,7
h2,925,834,184,25,11,1,95,7
p,183,441,699,56,10,1,96,7
p,183,509,699,56,10,1,97,7
p,183,577,699,14,10,1,98,7
center,925,400,184,489,8,1,99,7
span,623,1008,478,13,4,1,100,7
