body,0,0,1282,1397,1,1,1,16
div,151,0,980,1397,2,1,2,16
div,151,0,980,113,3,1,3,16
div,151,0,980,25,4,1,4,16
div,1008,10,103,15,5,1,5,16
div,970,25,161,54,4,1,6,16
div,970,59,161,20,6,1,7,16
div,499,113,632,231,3,1,8,16
div,151,344,980,34,3,1,9,16
div,151,378,1010,947,3,1,10,16
div,183,400,699,842,8,1,11,16
div,183,441,699,801,9,1,12,16
div,925,455,184,14,11,1,13,16
div,925,529,184,14,11,1,14,16
div,925,618,184,196,11,1,15,16
div,151,1325,980,72,3,1,16,16
a,181,45,200,50,4,0,17,16
a,151,113,348,231,3,0,18,16
a,151,344,60,34,6,0,19,16
a,211,344,146,34,6,0,20,16
a,357,344,164,34,6,0,21,16
a,521,344,103,34,6,0,22,16
a,624,344,83,34,6,0,23,16
a,707,344,82,34,6,0,24,16
a,789,344,97,34,6,0,25,16
a,886,344,80,34,6,0,26,16
a,966,344,90,34,6,0,27,16
a,183,400,95,24,10,0,28,16
a,183,950,60,11,11,0,29,16
a,246,950,60,11,11,0,30,16
a,404,1228,129,14,11,0,31,16
a,925,435,32,32,11,0,32,16
a,962,435,32,32,11,0,33,16
a,999,435,32,32,11,0,34,16
a,925,618,108,14,14,0,35,16
a,925,632,61,14,14,0,36,16
a,925,646,111,14,14,0,37,16
a,925,660,130,14,14,0,38,16
a,925,674,134,14,14,0,39,16
a,925,688,89,14,14,0,40,16
a,925,702,180,14,14,0,41,16
a,925,716,99,14,14,0,42,16
a,925,730,137,28,14,0,43,16
a,925,758,163,14,14,0,44,16
a,925,772,155,14,14,0,45,16
a,925,786,157,14,14,0,46,16
a,925,800,52,14,14,0,47,16
a,1035,1360,66,14,4,0,48,16
img,1092,10,19,15,7,0,49,16
img,499,113,62,231,4,0,50,16
img,641,441,241,322,12,0,51,16
img,183,891,60,70,12,0,52,16
img,246,891,60,70,12,0,53,16
img,756,1102,126,191,11,0,54,16
img,925,509,174,50,13,0,55,16
img,925,869,174,86,12,0,56,16
form,970,59,161,20,5,0,57,16
input,970,59,110,20,7,0,58,16
input,1083,59,18,18,7,0,59,16
ul,925,400,184,489,9,1,60,16
ul,925,618,184,196,12,1,61,16
li,151,344,60,34,5,1,62,16
li,211,344,146,34,5,1,63,16
li,357,344,164,34,5,1,64,16
li,521,344,103,34,5,1,65,16
li,624,344,83,34,5,1,66,16
li,707,344,82,34,5,1,67,16
li,789,344,97,34,5,1,68,16
li,886,344,80,34,5,1,69,16
li,966,344,90,34,5,1,70,16
li,223,513,659,14,11,1,71,16
li,223,527,659,70,11,1,72,16
li,223,597,659,42,11,1,73,16
li,223,639,659,28,11,1,74,16
li,223,667,659,28,11,1,75,16
li,223,695,659,28,11,1,76,16
li,223,723,659,98,11,1,77,16
li,223,1008,659,14,11,1,78,16
li,223,1022,659,28,11,1,79,16
li,223,1050,659,14,11,1,80,16
li,925,400,184,55,10,1,81,16
li,925,455,184,34,10,1,82,16
li,925,489,184,20,10,1,83,16
li,925,509,184,20,10,1,84,16
li,925,529,184,34,10,1,85,16
li,925,563,184,20,10,1,86,16
li,925,583,184,251,10,1,87,16
li,925,618,184,14,13,1,88,16
li,925,632,184,14,13,1,89,16
li,925,646,184,14,13,1,90,16
li,925,660,184,14,13,1,91,16
li,925,674,184,14,13,1,92,16
li,925,688,184,14,13,1,93,16
li,925,702,184,14,13,1,94,16
li,925,716,184,14,13,1,95,16
li,925,730,184,28,13,1,96,16
li,925,758,184,14,13,1,97,16
li,925,772,184,14,13,1,98,16
li,925,786,184,14,13,1,99,16
li,925,800,184,14,13,1,100,16
li,925,834,184,55,10,1,101,16
table,161,398,970,907,4,1,102,16
tbody,163,400,966,903,5,1,103,16
tr,163,400,966,903,6,1,104,16
td,163,400,739,903,7,1,105,16
td,904,400,225,903,7,1,106,16
h2,183,400,699,24,9,1,107,16
h2,925,400,184,25,11,1,108,16
h2,925,583,184,25,11,1,109,16
h2,925,834,184,25,11,1,110,16
p,183,441,699,28,10,0,111,16
p,183,865,699,14,10,0,112,16
p,183,891,699,73,10,0,113,16
p,183,1076,699,14,10,0,114,16
p,183,1134,699,28,10,0,115,16
p,183,1174,699,42,10,0,116,16
p,183,1228,699,14,10,0,117,16
strong,183,455,52,14,11,1,118,16
strong,235,455,3,14,11,1,119,16
strong,518,793,86,14,12,1,120,16
h3,183,483,699,16,10,1,121,16
h3,183,835,699,16,10,1,122,16
h3,183,978,699,16,10,1,123,16
h3,183,1104,699,16,10,1,124,16
ol,183,513,699,308,10,1,125,16
ol,183,1008,699,56,10,1,126,16
center,925,400,184,489,8,1,127,16
span,623,1346,478,13,4,1,128,16
