body,0,0,1282,1059,1,1,1,4
div,151,0,980,1059,2,1,2,4
div,151,0,980,113,3,1,3,4
div,151,0,980,25,4,1,4,4
div,1008,10,103,15,5,1,5,4
div,970,25,161,54,4,1,6,4
div,970,59,161,20,6,1,7,4
div,499,113,632,231,3,1,8,4
div,151,344,980,34,3,1,9,4
div,151,378,1010,609,3,1,10,4
div,183,400,699,382,8,1,11,4
div,183,441,699,341,9,1,12,4
div,183,441,685,341,10,1,13,4
div,183,441,671,14,12,1,14,4
div,183,473,685,244,12,1,15,4
div,183,473,685,29,15,1,16,4
div,183,516,685,29,15,1,17,4
div,183,559,685,29,15,1,18,4
div,183,602,685,29,15,1,19,4
div,183,645,685,29,15,1,20,4
div,183,688,685,29,15,1,21,4
div,183,733,685,49,12,1,22,4
div,925,455,184,14,11,1,23,4
div,925,529,184,14,11,1,24,4
div,925,618,184,196,11,1,25,4
div,151,987,980,72,3,1,26,4
a,181,45,200,50,4,0,27,4
a,151,113,348,231,3,0,28,4
a,151,344,60,34,6,0,29,4
a,211,344,146,34,6,0,30,4
a,357,344,164,34,6,0,31,4
a,521,344,103,34,6,0,32,4
a,624,344,83,34,6,0,33,4
a,707,344,82,34,6,0,34,4
a,789,344,97,34,6,0,35,4
a,886,344,80,34,6,0,36,4
a,966,344,90,34,6,0,37,4
a,183,400,225,24,10,0,38,4
a,925,435,32,32,11,0,39,4
a,962,435,32,32,11,0,40,4
a,999,435,32,32,11,0,41,4
a,925,618,108,14,14,0,42,4
a,925,632,61,14,14,0,43,4
a,925,646,111,14,14,0,44,4
a,925,660,130,14,14,0,45,4
a,925,674,134,14,14,0,46,4
a,925,688,89,14,14,0,47,4
a,925,702,180,14,14,0,48,4
a,925,716,99,14,14,0,49,4
a,925,730,137,28,14,0,50,4
a,925,758,163,14,14,0,51,4
a,925,772,155,14,14,0,52,4
a,925,786,157,14,14,0,53,4
a,925,800,52,14,14,0,54,4
a,1035,1023,66,14,4,0,55,4
img,1092,10,19,15,7,0,56,4
img,499,113,62,231,4,0,57,4
img,925,509,174,50,13,0,58,4
img,925,869,174,86,12,0,59,4
form,970,59,161,20,5,0,60,4
form,183,441,685,341,11,0,61,4
input,970,59,110,20,7,0,62,4
input,1083,59,18,18,7,0,63,4
input,397,473,250,29,16,0,64,4
input,397,516,250,29,16,0,65,4
input,397,559,250,29,16,0,66,4
input,397,602,250,29,16,0,67,4
input,397,645,250,29,16,0,68,4
input,397,688,250,29,16,0,69,4
input,395,749,91,23,13,0,70,4
ul,183,473,685,244,13,1,71,4
ul,925,400,184,489,9,1,72,4
ul,925,618,184,196,12,1,73,4
li,151,344,60,34,5,1,74,4
li,211,344,146,34,5,1,75,4
li,357,344,164,34,5,1,76,4
li,521,344,103,34,5,1,77,4
li,624,344,83,34,5,1,78,4
li,707,344,82,34,5,1,79,4
li,789,344,97,34,5,1,80,4
li,886,344,80,34,5,1,81,4
li,966,344,90,34,5,1,82,4
li,183,473,685,29,14,1,83,4
li,183,516,685,29,14,1,84,4
li,183,559,685,29,14,1,85,4
li,183,602,685,29,14,1,86,4
li,183,645,685,29,14,1,87,4
li,183,688,685,29,14,1,88,4
li,925,400,184,55,10,1,89,4
li,925,455,184,34,10,1,90,4
li,925,489,184,20,10,1,91,4
li,925,509,184,20,10,1,92,4
li,925,529,184,34,10,1,93,4
li,925,563,184,20,10,1,94,4
li,925,583,184,251,10,1,95,4
li,925,618,184,14,13,1,96,4
li,925,632,184,14,13,1,97,4
li,925,646,184,14,13,1,98,4
li,925,660,184,14,13,1,99,4
li,925,674,184,14,13,1,100,4
li,925,688,184,14,13,1,101,4
li,925,702,184,14,13,1,102,4
li,925,716,184,14,13,1,103,4
li,925,730,184,28,13,1,104,4
li,925,758,184,14,13,1,105,4
li,925,772,184,14,13,1,106,4
li,925,786,184,14,13,1,107,4
li,925,800,184,14,13,1,108,4
li,925,834,184,55,10,1,109,4
table,161,398,970,569,4,1,110,4
tbody,163,400,966,565,5,1,111,4
tr,163,400,966,565,6,1,112,4
td,163,400,739,565,7,1,113,4
td,904,400,225,565,7,1,114,4
h2,183,400,699,24,9,1,115,4
h2,925,400,184,25,11,1,116,4
h2,925,583,184,25,11,1,117,4
h2,925,834,184,25,11,1,118,4
span,183,441,459,14,13,1,119,4
span,377,473,5,14,16,1,120,4
span,377,516,5,14,16,1,121,4
span,377,559,5,14,16,1,122,4
span,377,602,5,14,16,1,123,4
span,377,645,5,14,16,1,124,4
span,377,688,5,14,16,1,125,4
span,623,1008,478,13,4,1,126,4
label,183,473,199,14,15,1,127,4
label,183,516,199,14,15,1,128,4
label,183,559,199,14,15,1,129,4
label,183,602,199,14,15,1,130,4
label,183,645,199,14,15,1,131,4
label,183,688,199,14,15,1,132,4
center,925,400,184,489,8,1,133,4
